choose = 2
0.0001 0.00010000 0.00048829 43
0.00020000 0.00020000 0.00044730 39
0.00030000 0.00030000 0.00049486 42
0.00040000 0.00040000 0.00045660 48
0.00050000 0.00050000 0.00042298 49
0.00060000 0.00060000 0.00039688 61
0.00070000 0.00070000 0.00037831 39
0.00080000 0.00080000 0.00036676 124
0.00090000 0.00090000 0.00035933 55
0.00100000 0.00100000 0.00035855 81
0.00110000 0.00110000 0.00036418 79
0.00120000 0.00120000 0.00034456 90
0.00130000 0.00130000 0.00032851 93
0.00140000 0.00140000 0.00031940 100
0.00150000 0.00150000 0.00030440 113
0.00160000 0.00160000 0.00029063 119
0.00170000 0.00170000 0.00027810 121
0.00180000 0.00180000 0.00026680 120
0.00190000 0.00190000 0.00025674 152
0.00200000 0.00200000 0.00024791 143
0.00210000 0.00210000 0.00024031 151
0.00220000 0.00220000 0.00023395 133
0.00230000 0.00230000 0.00022882 130
0.00240000 0.00240000 0.00022317 120
0.00250000 0.00250000 0.00021320 143
0.00260000 0.00260000 0.00020694 153
0.00270000 0.00270000 0.00020439 87
0.00280000 0.00280000 0.00020554 135
0.00290000 0.00290000 0.00021040 144
0.00300000 0.00300000 0.00021680 129
0.00310000 0.00310000 0.00022486 160
0.00320000 0.00320000 0.00022517 151
0.00330000 0.00330000 0.00022449 174
0.00340000 0.00340000 0.00022774 156
0.00350000 0.00350000 0.00023635 150
0.00360000 0.00360000 0.00024509 142
0.00370000 0.00370000 0.00025099 3151
0.00380000 0.00380000 0.00025804 166
0.00390000 0.00390000 0.00026625 342
0.00400000 0.00400000 0.00027561 212
0.00410000 0.00410000 0.00028613 149
0.00420000 0.00420000 0.00029780 139
0.00430000 0.00430000 0.00031063 146
0.00440000 0.00440000 0.00032462 147
0.00450000 0.00450000 0.00033878 161
0.00460000 0.00460000 0.00035332 148
0.00470000 0.00470000 0.00036880 164
0.00480000 0.00480000 0.00038521 139
0.00490000 0.00490000 0.00040255 143
0.00500000 0.00500000 0.00042082 140
0.00510000 0.00510000 0.00044002 168
0.00520000 0.00520000 0.00046015 145
0.00530000 0.00530000 0.00048121 154
0.00540000 0.00540000 0.00050320 141
0.00550000 0.00550000 0.00052546 120
0.00560000 0.00560000 0.00053961 111
0.00570000 0.00570000 0.00055514 127
0.00580000 0.00580000 0.00056779 112
0.00590000 0.00590000 0.00057027 132
0.00600000 0.00600000 0.00057495 94
0.00610000 0.00610000 0.00058184 93
0.00620000 0.00620000 0.00059094 113
0.00630000 0.00630000 0.00060224 202
0.00640000 0.00640000 0.00061575 112
0.00650000 0.00650000 0.00063146 94
0.00660000 0.00660000 0.00064938 100
0.00670000 0.00670000 0.00066950 58
0.00680000 0.00680000 0.00069182 78
0.00690000 0.00690000 0.00071297 161
0.00700000 0.00700000 0.00073531 92
0.00710000 0.00710000 0.00076019 62
0.00720000 0.00720000 0.00078758 52
0.00730000 0.00730000 0.00081751 54
0.00740000 0.00740000 0.00084995 79
0.00750000 0.00750000 0.00088493 73
0.00760000 0.00760000 0.00082219 61
0.00770000 0.00770000 0.00088636 47
0.00780000 0.00780000 0.00100500 47
0.00790000 0.00790000 0.00104375 54
0.00800000 0.00800000 0.00105497 45
0.00810000 0.00810000 0.00107275 46
0.00820000 0.00820000 0.00109709 47
0.00830000 0.00830000 0.00112800 86
0.00840000 0.00840000 0.00114985 45
0.00850000 0.00850000 0.00112314 45
0.00860000 0.00860000 0.00111081 83
0.00870000 0.00870000 0.00111287 43
0.00880000 0.00880000 0.00112931 71
0.00890000 0.00890000 0.00116013 58
0.00900000 0.00900000 0.00120533 38
0.00910000 0.00910000 0.00126011 40
0.00920000 0.00920000 0.00129760 67
0.00930000 0.00930000 0.00134384 43
0.00940000 0.00940000 0.00139884 40
0.00950000 0.00950000 0.00146259 67
0.00960000 0.00960000 0.00153510 43
0.00970000 0.00970000 0.00161637 40
0.00980000 0.00980000 0.00170639 38
0.00990000 0.00990000 0.00180517 44
0.01000000 0.01000000 0.00186726 38
0.01010000 0.01010000 0.00191575 65
0.01020000 0.01020000 0.00188938 43
0.01030000 0.01030000 0.00193937 47
0.01040000 0.01040000 0.00206573 39
0.01050000 0.01050000 0.00218074 33
0.01060000 0.01060000 0.00221052 19
0.01070000 0.01070000 0.00288210 21

choose = 3
0.00010000 0.00010000 0.00039343 73
0.00020000 0.00020000 0.00036912 77
0.00030000 0.00030000 0.00035551 80
0.00040000 0.00040000 0.00034014 99
0.00050000 0.00050000 0.00032905 113
0.00060000 0.00060000 0.00031052 84
0.00070000 0.00070000 0.00029876 89
0.00080000 0.00080000 0.00029425 112
0.00090000 0.00090000 0.00028909 117
0.00100000 0.00100000 0.00028143 130
0.00110000 0.00110000 0.00027251 137
0.00120000 0.00120000 0.00026896 148
0.00130000 0.00130000 0.00025162 134
0.00140000 0.00140000 0.00024759 166
0.00150000 0.00150000 0.00023482 179
0.00160000 0.00160000 0.00022915 207
0.00170000 0.00170000 0.00022148 196
0.00180000 0.00180000 0.00021485 245
0.00190000 0.00190000 0.00020925 248
0.00200000 0.00200000 0.00020468 310
0.00210000 0.00210000 0.00020048 298
0.00220000 0.00220000 0.00019206 312
0.00230000 0.00230000 0.00018617 282
0.00240000 0.00240000 0.00018281 317
0.00250000 0.00250000 0.00018199 323
0.00260000 0.00260000 0.00018370 294
0.00270000 0.00270000 0.00018794 360
0.00280000 0.00280000 0.00018840 438
0.00290000 0.00290000 0.00019224 432
0.00300000 0.00300000 0.00019811 1092
0.00310000 0.00310000 0.00020145 1166
0.00320000 0.00320000 0.00020690 1290
0.00330000 0.00330000 0.00021235 1622
0.00340000 0.00340000 0.00021431 1526
0.00350000 0.00350000 0.00021891 1269
0.00360000 0.00360000 0.00022484 1338
0.00370000 0.00370000 0.00023067 1493
0.00380000 0.00380000 0.00023455 1334
0.00390000 0.00390000 0.00023935 1330
0.00400000 0.00400000 0.00024508 1372
0.00410000 0.00410000 0.00025174 1233
0.00420000 0.00420000 0.00025932 1234
0.00430000 0.00430000 0.00026782 1434
0.00440000 0.00440000 0.00027726 1132
0.00450000 0.00450000 0.00028761 923
0.00460000 0.00460000 0.00029890 958
0.00470000 0.00470000 0.00031110 875
0.00480000 0.00480000 0.00032285 450
0.00490000 0.00490000 0.00033288 416
0.00500000 0.00500000 0.00034344 374
0.00510000 0.00510000 0.00035451 315
0.00520000 0.00520000 0.00036610 292
0.00530000 0.00530000 0.00037687 263
0.00540000 0.00540000 0.00038573 234
0.00550000 0.00550000 0.00039319 223
0.00560000 0.00560000 0.00040026 213
0.00570000 0.00570000 0.00040863 190
0.00580000 0.00580000 0.00041771 165
0.00590000 0.00590000 0.00042560 171
0.00600000 0.00600000 0.00043456 139
0.00610000 0.00610000 0.00044459 107
0.00620000 0.00620000 0.00045570 113
0.00630000 0.00630000 0.00046787 112
0.00640000 0.00640000 0.00048111 102
0.00650000 0.00650000 0.00049542 102
0.00660000 0.00660000 0.00051081 94
0.00670000 0.00670000 0.00052726 124
0.00680000 0.00680000 0.00054478 122
0.00690000 0.00690000 0.00056337 104
0.00700000 0.00700000 0.00058303 105
0.00710000 0.00710000 0.00060377 121
0.00720000 0.00720000 0.00062317 64
0.00730000 0.00730000 0.00063890 94
0.00740000 0.00740000 0.00065658 99
0.00750000 0.00750000 0.00067622 91
0.00760000 0.00760000 0.00069322 57
0.00770000 0.00770000 0.00071217 54
0.00780000 0.00780000 0.00073383 55
0.00790000 0.00790000 0.00075819 74
0.00800000 0.00800000 0.00078011 86
0.00810000 0.00810000 0.00078768 50
0.00820000 0.00820000 0.00080228 83
0.00830000 0.00830000 0.00082392 44
0.00840000 0.00840000 0.00085259 38
0.00850000 0.00850000 0.00088830 123
0.00860000 0.00860000 0.00092544 63
0.00870000 0.00870000 0.00096317 82
0.00880000 0.00880000 0.00100070 40
0.00890000 0.00890000 0.00100281 40
0.00900000 0.00900000 0.00101643 39
0.00910000 0.00910000 0.00104153 38
0.00920000 0.00920000 0.00107486 37
0.00930000 0.00930000 0.00110169 34
0.00940000 0.00940000 0.00113646 59
0.00950000 0.00950000 0.00117919 38
0.00960000 0.00960000 0.00122985 52
0.00970000 0.00970000 0.00128846 39
0.00980000 0.00980000 0.00135502 59
0.00990000 0.00990000 0.00142953 35
0.01000000 0.01000000 0.00151197 35
0.01010000 0.01010000 0.00160237 66
0.01020000 0.01020000 0.00166215 34
0.01030000 0.01030000 0.00168592 63
0.01040000 0.01040000 0.00178462 17
0.01050000 0.01050000 0.00195826 17
0.01060000 0.01060000 0.00221052 16
0.01070000 0.01070000 0.00288210 16

choose = 4
0.00010000 0.00010000 0.00030500 80
0.00020000 0.00020000 0.00031144 76
0.00030000 0.00030000 0.00029969 100
0.00040000 0.00040000 0.00028816 74
0.00050000 0.00050000 0.00027731 108
0.00060000 0.00060000 0.00026183 133
0.00070000 0.00070000 0.00025346 122
0.00080000 0.00080000 0.00025223 154
0.00090000 0.00090000 0.00024963 158
0.00100000 0.00100000 0.00024237 191
0.00110000 0.00110000 0.00023717 271
0.00120000 0.00120000 0.00022250 238
0.00130000 0.00130000 0.00021745 284
0.00140000 0.00140000 0.00020789 308
0.00150000 0.00150000 0.00020751 923
0.00160000 0.00160000 0.00020140 883
0.00170000 0.00170000 0.00019720 875
0.00180000 0.00180000 0.00019016 876
0.00190000 0.00190000 0.00018335 918
0.00200000 0.00200000 0.00017816 990
0.00210000 0.00210000 0.00017457 984
0.00220000 0.00220000 0.00017260 1159
0.00230000 0.00230000 0.00017224 1272
0.00240000 0.00240000 0.00017113 1260
0.00250000 0.00250000 0.00016926 1272
0.00260000 0.00260000 0.00016987 1332
0.00270000 0.00270000 0.00017298 1516
0.00280000 0.00280000 0.00017858 2084
0.00290000 0.00290000 0.00018127 4015
0.00300000 0.00300000 0.00018308 3860
0.00310000 0.00310000 0.00018629 4200
0.00320000 0.00320000 0.00019161 4525
0.00330000 0.00330000 0.00019713 5564
0.00340000 0.00340000 0.00020261 6542
0.00350000 0.00350000 0.00020678 6814
0.00360000 0.00360000 0.00021132 7558
0.00370000 0.00370000 0.00021460 7970
0.00380000 0.00380000 0.00021891 8056
0.00390000 0.00390000 0.00022425 6863
0.00400000 0.00400000 0.00023064 6403
0.00410000 0.00410000 0.00023748 6389
0.00420000 0.00420000 0.00024477 5528
0.00430000 0.00430000 0.00025284 6480
0.00440000 0.00440000 0.00026098 5036
0.00450000 0.00450000 0.00026723 4578
0.00460000 0.00460000 0.00027394 3627
0.00470000 0.00470000 0.00028111 3748
0.00480000 0.00480000 0.00028875 4321
0.00490000 0.00490000 0.00029686 1854
0.00500000 0.00500000 0.00030542 1748
0.00510000 0.00510000 0.00031374 1355
0.00520000 0.00520000 0.00031902 1317
0.00530000 0.00530000 0.00032418 980
0.00540000 0.00540000 0.00032997 894
0.00550000 0.00550000 0.00033675 883
0.00560000 0.00560000 0.00034452 347
0.00570000 0.00570000 0.00035329 299
0.00580000 0.00580000 0.00036305 236
0.00590000 0.00590000 0.00037381 219
0.00600000 0.00600000 0.00038555 220
0.00610000 0.00610000 0.00039385 169
0.00620000 0.00620000 0.00040261 169
0.00630000 0.00630000 0.00041238 155
0.00640000 0.00640000 0.00042318 119
0.00650000 0.00650000 0.00043498 121
0.00660000 0.00660000 0.00044781 144
0.00670000 0.00670000 0.00046165 134
0.00680000 0.00680000 0.00047651 105
0.00690000 0.00690000 0.00049239 123
0.00700000 0.00700000 0.00050928 121
0.00710000 0.00710000 0.00052719 109
0.00720000 0.00720000 0.00053839 98
0.00730000 0.00730000 0.00054903 100
0.00740000 0.00740000 0.00056235 58
0.00750000 0.00750000 0.00057835 71
0.00760000 0.00760000 0.00059702 79
0.00770000 0.00770000 0.00061837 143
0.00780000 0.00780000 0.00064240 58
0.00790000 0.00790000 0.00066407 72
0.00800000 0.00800000 0.00068209 46
0.00810000 0.00810000 0.00070240 58
0.00820000 0.00820000 0.00072500 47
0.00830000 0.00830000 0.00074990 63
0.00840000 0.00840000 0.00077709 47
0.00850000 0.00850000 0.00080440 46
0.00860000 0.00860000 0.00082644 43
0.00870000 0.00870000 0.00084899 45
0.00880000 0.00880000 0.00087543 45
0.00890000 0.00890000 0.00090576 44
0.00900000 0.00900000 0.00093997 55
0.00910000 0.00910000 0.00097808 52
0.00920000 0.00920000 0.00099940 46
0.00930000 0.00930000 0.00102155 47
0.00940000 0.00940000 0.00105150 41
0.00950000 0.00950000 0.00108925 44
0.00960000 0.00960000 0.00113481 17
0.00970000 0.00970000 0.00118817 18
0.00980000 0.00980000 0.00124934 19
0.00990000 0.00990000 0.00131831 18
0.01000000 0.01000000 0.00139509 18
0.01010000 0.01010000 0.00147967 18
0.01020000 0.01020000 0.00157205 19
0.01030000 0.01030000 0.00167224 18
0.01040000 0.01040000 0.00178462 18
0.01050000 0.01050000 0.00195826 17
0.01060000 0.01060000 0.00221052 17
0.01070000 0.01070000 0.00288210 19

choose = 5
0.00010000 0.00010000 0.00027686 85
0.00020000 0.00020000 0.00026700 106
0.00030000 0.00030000 0.00025719 90
0.00040000 0.00040000 0.00024716 96
0.00050000 0.00050000 0.00024114 131
0.00060000 0.00060000 0.00023667 133
0.00070000 0.00070000 0.00023387 165
0.00080000 0.00080000 0.00022523 168
0.00090000 0.00090000 0.00021649 212
0.00100000 0.00100000 0.00021172 255
0.00110000 0.00110000 0.00020798 316
0.00120000 0.00120000 0.00020302 422
0.00130000 0.00130000 0.00019243 342
0.00140000 0.00140000 0.00018738 956
0.00150000 0.00150000 0.00018458 1087
0.00160000 0.00160000 0.00018189 1232
0.00170000 0.00170000 0.00017973 1741
0.00180000 0.00180000 0.00017545 2042
0.00190000 0.00190000 0.00017135 2052
0.00200000 0.00200000 0.00016836 2102
0.00210000 0.00210000 0.00016516 3727
0.00220000 0.00220000 0.00016264 3599
0.00230000 0.00230000 0.00016134 2381
0.00240000 0.00240000 0.00016162 4307
0.00250000 0.00250000 0.00016220 3564
0.00260000 0.00260000 0.00016263 4602
0.00270000 0.00270000 0.00016408 4633
0.00280000 0.00280000 0.00016663 7580
0.00290000 0.00290000 0.00017047 7505
0.00300000 0.00300000 0.00017423 9406
0.00310000 0.00310000 0.00017640 12405
0.00320000 0.00320000 0.00017928 10873
0.00330000 0.00330000 0.00018400 14931
0.00340000 0.00340000 0.00018865 17683
0.00350000 0.00350000 0.00019226 19210
0.00360000 0.00360000 0.00019661 25889
0.00370000 0.00370000 0.00020172 27172
0.00380000 0.00380000 0.00020757 25693
0.00390000 0.00390000 0.00021102 23747
0.00400000 0.00400000 0.00021526 21246
0.00410000 0.00410000 0.00022037 17651
0.00420000 0.00420000 0.00022635 19633
0.00430000 0.00430000 0.00023321 17599
0.00440000 0.00440000 0.00024095 18404
0.00450000 0.00450000 0.00024956 13831
0.00460000 0.00460000 0.00025606 10532
0.00470000 0.00470000 0.00026092 11674
0.00480000 0.00480000 0.00026666 7262
0.00490000 0.00490000 0.00027228 5808
0.00500000 0.00500000 0.00027726 5643
0.00510000 0.00510000 0.00028242 5489
0.00520000 0.00520000 0.00028767 3682
0.00530000 0.00530000 0.00029388 1810
0.00540000 0.00540000 0.00030067 1224
0.00550000 0.00550000 0.00030681 1012
0.00560000 0.00560000 0.00031393 896
0.00570000 0.00570000 0.00032204 848
0.00580000 0.00580000 0.00033114 377
0.00590000 0.00590000 0.00034122 323
0.00600000 0.00600000 0.00034820 228
0.00610000 0.00610000 0.00035590 192
0.00620000 0.00620000 0.00036462 194
0.00630000 0.00630000 0.00037435 132
0.00640000 0.00640000 0.00038510 129
0.00650000 0.00650000 0.00039687 125
0.00660000 0.00660000 0.00040966 117
0.00670000 0.00670000 0.00042346 118
0.00680000 0.00680000 0.00043828 124
0.00690000 0.00690000 0.00045090 134
0.00700000 0.00700000 0.00046473 127
0.00710000 0.00710000 0.00048028 114
0.00720000 0.00720000 0.00049583 77
0.00730000 0.00730000 0.00051076 66
0.00740000 0.00740000 0.00052714 64
0.00750000 0.00750000 0.00054497 110
0.00760000 0.00760000 0.00056425 73
0.00770000 0.00770000 0.00057906 67
0.00780000 0.00780000 0.00059500 72
0.00790000 0.00790000 0.00061287 62
0.00800000 0.00800000 0.00063266 55
0.00810000 0.00810000 0.00065437 56
0.00820000 0.00820000 0.00067801 68
0.00830000 0.00830000 0.00070356 51
0.00840000 0.00840000 0.00072582 55
0.00850000 0.00850000 0.00074912 53
0.00860000 0.00860000 0.00077437 55
0.00870000 0.00870000 0.00080155 59
0.00880000 0.00880000 0.00083068 50
0.00890000 0.00890000 0.00086174 54
0.00900000 0.00900000 0.00089475 48
0.00910000 0.00910000 0.00092970 42
0.00920000 0.00920000 0.00096659 44
0.00930000 0.00930000 0.00100372 51
0.00940000 0.00940000 0.00104390 53
0.00950000 0.00950000 0.00108759 40
0.00960000 0.00960000 0.00113481 20
0.00970000 0.00970000 0.00118817 19
0.00980000 0.00980000 0.00124934 19
0.00990000 0.00990000 0.00131831 19
0.01000000 0.01000000 0.00139509 19
0.01010000 0.01010000 0.00147967 18
0.01020000 0.01020000 0.00157205 18
0.01030000 0.01030000 0.00167224 19
0.01040000 0.01040000 0.00178462 18
0.01050000 0.01050000 0.00195826 18
0.01060000 0.01060000 0.00221052 19
0.01070000 0.01070000 0.00288210 18

choose = 6
0.00010000 0.00010000 0.00025829 94
0.00020000 0.00020000 0.00024730 69
0.00030000 0.00030000 0.00023750 103
0.00040000 0.00040000 0.00023098 111
0.00050000 0.00050000 0.00022383 150
0.00060000 0.00060000 0.00021777 141
0.00070000 0.00070000 0.00021087 159
0.00080000 0.00080000 0.00020644 182
0.00090000 0.00090000 0.00020114 225
0.00100000 0.00100000 0.00019609 325
0.00110000 0.00110000 0.00018999 373
0.00120000 0.00120000 0.00018478 1049
0.00130000 0.00130000 0.00018079 1121
0.00140000 0.00140000 0.00017414 1030
0.00150000 0.00150000 0.00017193 1588
0.00160000 0.00160000 0.00016892 1865
0.00170000 0.00170000 0.00016606 3995
0.00180000 0.00180000 0.00016321 4170
0.00190000 0.00190000 0.00015989 4436
0.00200000 0.00200000 0.00015780 4930
0.00210000 0.00210000 0.00015511 4644
0.00220000 0.00220000 0.00015260 6021
0.00230000 0.00230000 0.00015165 4802
0.00240000 0.00240000 0.00015227 5280
0.00250000 0.00250000 0.00015445 6531
0.00260000 0.00260000 0.00015673 8617
0.00270000 0.00270000 0.00015712 9144
0.00280000 0.00280000 0.00015946 13926
0.00290000 0.00290000 0.00016190 13390
0.00300000 0.00300000 0.00016460 19299
0.00310000 0.00310000 0.00016865 23971
0.00320000 0.00320000 0.00017169 35831
0.00330000 0.00330000 0.00017534 39895
0.00340000 0.00340000 0.00017861 39953
0.00350000 0.00350000 0.00018158 42090
0.00360000 0.00360000 0.00018525 47438
0.00370000 0.00370000 0.00018962 52341
0.00380000 0.00380000 0.00019431 53815
0.00390000 0.00390000 0.00019756 40760
0.00400000 0.00400000 0.00020143 37731
0.00410000 0.00410000 0.00020602 34295
0.00420000 0.00420000 0.00021132 28433
0.00430000 0.00430000 0.00021733 28176
0.00440000 0.00440000 0.00022406 29082
0.00450000 0.00450000 0.00022924 23157
0.00460000 0.00460000 0.00023444 17711
0.00470000 0.00470000 0.00024020 13849
0.00480000 0.00480000 0.00024653 11660
0.00490000 0.00490000 0.00025230 11933
0.00500000 0.00500000 0.00025747 6485
0.00510000 0.00510000 0.00026204 4554
0.00520000 0.00520000 0.00026771 4747
0.00530000 0.00530000 0.00027366 3987
0.00540000 0.00540000 0.00028010 1827
0.00550000 0.00550000 0.00028748 1302
0.00560000 0.00560000 0.00029288 1012
0.00570000 0.00570000 0.00029918 908
0.00580000 0.00580000 0.00030638 326
0.00590000 0.00590000 0.00031450 267
0.00600000 0.00600000 0.00032352 203
0.00610000 0.00610000 0.00033346 219
0.00620000 0.00620000 0.00034430 170
0.00630000 0.00630000 0.00035595 175
0.00640000 0.00640000 0.00036741 170
0.00650000 0.00650000 0.00037932 123
0.00660000 0.00660000 0.00039032 190
0.00670000 0.00670000 0.00040172 116
0.00680000 0.00680000 0.00041400 126
0.00690000 0.00690000 0.00042715 146
0.00700000 0.00700000 0.00044118 130
0.00710000 0.00710000 0.00045609 132
0.00720000 0.00720000 0.00047188 110
0.00730000 0.00730000 0.00048854 78
0.00740000 0.00740000 0.00050571 163
0.00750000 0.00750000 0.00052120 78
0.00760000 0.00760000 0.00053764 101
0.00770000 0.00770000 0.00055560 70
0.00780000 0.00780000 0.00057442 91
0.00790000 0.00790000 0.00059498 109
0.00800000 0.00800000 0.00061323 66
0.00810000 0.00810000 0.00063279 62
0.00820000 0.00820000 0.00065408 54
0.00830000 0.00830000 0.00067709 58
0.00840000 0.00840000 0.00070181 57
0.00850000 0.00850000 0.00072826 61
0.00860000 0.00860000 0.00075643 64
0.00870000 0.00870000 0.00078632 54
0.00880000 0.00880000 0.00081792 55
0.00890000 0.00890000 0.00085125 58
0.00900000 0.00900000 0.00088630 55
0.00910000 0.00910000 0.00092307 55
0.00920000 0.00920000 0.00096087 52
0.00930000 0.00930000 0.00100057 135
0.00940000 0.00940000 0.00104277 20
0.00950000 0.00950000 0.00108746 19
0.00960000 0.00960000 0.00113481 18
0.00970000 0.00970000 0.00118817 18
0.00980000 0.00980000 0.00124934 19
0.00990000 0.00990000 0.00131831 19
0.01000000 0.01000000 0.00139509 19
0.01010000 0.01010000 0.00147967 19
0.01020000 0.01020000 0.00157205 19
0.01030000 0.01030000 0.00167224 19
0.01040000 0.01040000 0.00178462 18
0.01050000 0.01050000 0.00195826 18
0.01060000 0.01060000 0.00221052 18
0.01070000 0.01070000 0.00288210 18

choose = 7
0.00010000 0.00010000 0.00024882 103
0.00020000 0.00020000 0.00023735 92
0.00030000 0.00030000 0.00022731 122
0.00040000 0.00040000 0.00021950 155
0.00050000 0.00050000 0.00021071 143
0.00060000 0.00060000 0.00020422 124
0.00070000 0.00070000 0.00019810 163
0.00080000 0.00080000 0.00019442 218
0.00090000 0.00090000 0.00018906 286
0.00100000 0.00100000 0.00018317 314
0.00110000 0.00110000 0.00017818 413
0.00120000 0.00120000 0.00017394 1052
0.00130000 0.00130000 0.00016990 1236
0.00140000 0.00140000 0.00016669 1610
0.00150000 0.00150000 0.00016355 3768
0.00160000 0.00160000 0.00015998 2363
0.00170000 0.00170000 0.00015697 4451
0.00180000 0.00180000 0.00015429 6252
0.00190000 0.00190000 0.00015117 5878
0.00200000 0.00200000 0.00014905 7901
0.00210000 0.00210000 0.00014858 9372
0.00220000 0.00220000 0.00014796 9162
0.00230000 0.00230000 0.00014760 9645
0.00240000 0.00240000 0.00014770 10863
0.00250000 0.00250000 0.00014823 11404
0.00260000 0.00260000 0.00015007 18184
0.00270000 0.00270000 0.00015240 26265
0.00280000 0.00280000 0.00015436 37089
0.00290000 0.00290000 0.00015676 41239
0.00300000 0.00300000 0.00015876 43697
0.00310000 0.00310000 0.00016112 53629
0.00320000 0.00320000 0.00016278 46089
0.00330000 0.00330000 0.00016512 48554
0.00340000 0.00340000 0.00016746 47486
0.00350000 0.00350000 0.00017001 37708
0.00360000 0.00360000 0.00017326 49098
0.00370000 0.00370000 0.00017720 50516
0.00380000 0.00380000 0.00018172 40337
0.00390000 0.00390000 0.00018487 36858
0.00400000 0.00400000 0.00018873 32190
0.00410000 0.00410000 0.00019330 30811
0.00420000 0.00420000 0.00019859 35213
0.00430000 0.00430000 0.00020371 28955
0.00440000 0.00440000 0.00020829 22425
0.00450000 0.00450000 0.00021344 19470
0.00460000 0.00460000 0.00021914 17514
0.00470000 0.00470000 0.00022540 13486
0.00480000 0.00480000 0.00023188 12646
0.00490000 0.00490000 0.00023675 10132
0.00500000 0.00500000 0.00024153 7775
0.00510000 0.00510000 0.00024715 5647
0.00520000 0.00520000 0.00025359 5179
0.00530000 0.00530000 0.00026086 4029
0.00540000 0.00540000 0.00026645 2081
0.00550000 0.00550000 0.00027231 1390
0.00560000 0.00560000 0.00027902 1470
0.00570000 0.00570000 0.00028659 1000
0.00580000 0.00580000 0.00029500 377
0.00590000 0.00590000 0.00030408 344
0.00600000 0.00600000 0.00031347 316
0.00610000 0.00610000 0.00032292 276
0.00620000 0.00620000 0.00033203 196
0.00630000 0.00630000 0.00034193 159
0.00640000 0.00640000 0.00035260 152
0.00650000 0.00650000 0.00036405 131
0.00660000 0.00660000 0.00037628 160
0.00670000 0.00670000 0.00038849 144
0.00680000 0.00680000 0.00040102 142
0.00690000 0.00690000 0.00041446 159
0.00700000 0.00700000 0.00042858 128
0.00710000 0.00710000 0.00044351 141
0.00720000 0.00720000 0.00045814 130
0.00730000 0.00730000 0.00047359 110
0.00740000 0.00740000 0.00049048 114
0.00750000 0.00750000 0.00050876 118
0.00760000 0.00760000 0.00052449 96
0.00770000 0.00770000 0.00053962 115
0.00780000 0.00780000 0.00055636 96
0.00790000 0.00790000 0.00057471 100
0.00800000 0.00800000 0.00059467 74
0.00810000 0.00810000 0.00061623 67
0.00820000 0.00820000 0.00063940 89
0.00830000 0.00830000 0.00066417 65
0.00840000 0.00840000 0.00069056 21
0.00850000 0.00850000 0.00071854 20
0.00860000 0.00860000 0.00074814 21
0.00870000 0.00870000 0.00077934 21
0.00880000 0.00880000 0.00081215 32
0.00890000 0.00890000 0.00084657 23
0.00900000 0.00900000 0.00088259 20
0.00910000 0.00910000 0.00092022 21
0.00920000 0.00920000 0.00095946 21
0.00930000 0.00930000 0.00100030 22
0.00940000 0.00940000 0.00104277 24
0.00950000 0.00950000 0.00108746 25
0.00960000 0.00960000 0.00113481 21
0.00970000 0.00970000 0.00118817 20
0.00980000 0.00980000 0.00124934 20
0.00990000 0.00990000 0.00131831 20
0.01000000 0.01000000 0.00139509 19
0.01010000 0.01010000 0.00147967 20
0.01020000 0.01020000 0.00157205 21
0.01030000 0.01030000 0.00167224 20
0.01040000 0.01040000 0.00178462 19
0.01050000 0.01050000 0.00195826 20
0.01060000 0.01060000 0.00221052 19
0.01070000 0.01070000 0.00288210 18

choose = 8
0.00010000 0.00010000 0.00024672 138
0.00020000 0.00020000 0.00023183 118
0.00030000 0.00030000 0.00022125 133
0.00040000 0.00040000 0.00021182 153
0.00050000 0.00050000 0.00020369 138
0.00060000 0.00060000 0.00019728 197
0.00070000 0.00070000 0.00019126 203
0.00080000 0.00080000 0.00018561 209
0.00090000 0.00090000 0.00018027 294
0.00100000 0.00100000 0.00017592 371
0.00110000 0.00110000 0.00017161 1146
0.00120000 0.00120000 0.00016683 1127
0.00130000 0.00130000 0.00016312 1665
0.00140000 0.00140000 0.00016016 2074
0.00150000 0.00150000 0.00015649 4793
0.00160000 0.00160000 0.00015316 5351
0.00170000 0.00170000 0.00015030 6041
0.00180000 0.00180000 0.00014761 7132
0.00190000 0.00190000 0.00014435 8234
0.00200000 0.00200000 0.00014216 6658
0.00210000 0.00210000 0.00014286 11420
0.00220000 0.00220000 0.00014243 14015
0.00230000 0.00230000 0.00014200 13816
0.00240000 0.00240000 0.00014288 16601
0.00250000 0.00250000 0.00014378 23513
0.00260000 0.00260000 0.00014446 24817
0.00270000 0.00270000 0.00014595 30384
0.00280000 0.00280000 0.00014706 29919
0.00290000 0.00290000 0.00014920 40968
0.00300000 0.00300000 0.00015031 33434
0.00310000 0.00310000 0.00015195 32388
0.00320000 0.00320000 0.00015427 36480
0.00330000 0.00330000 0.00015642 34123
0.00340000 0.00340000 0.00015899 34659
0.00350000 0.00350000 0.00016223 31788
0.00360000 0.00360000 0.00016545 29393
0.00370000 0.00370000 0.00016852 28140
0.00380000 0.00380000 0.00017220 30989
0.00390000 0.00390000 0.00017637 25594
0.00400000 0.00400000 0.00018061 30067
0.00410000 0.00410000 0.00018500 29079
0.00420000 0.00420000 0.00018860 19770
0.00430000 0.00430000 0.00019275 18886
0.00440000 0.00440000 0.00019746 14427
0.00450000 0.00450000 0.00020273 12621
0.00460000 0.00460000 0.00020855 14669
0.00470000 0.00470000 0.00021493 14385
0.00480000 0.00480000 0.00022131 12848
0.00490000 0.00490000 0.00022673 10561
0.00500000 0.00500000 0.00023242 7953
0.00510000 0.00510000 0.00023857 6557
0.00520000 0.00520000 0.00024436 6229
0.00530000 0.00530000 0.00024996 4394
0.00540000 0.00540000 0.00025625 2629
0.00550000 0.00550000 0.00026323 1800
0.00560000 0.00560000 0.00027090 1391
0.00570000 0.00570000 0.00027927 1401
0.00580000 0.00580000 0.00028732 471
0.00590000 0.00590000 0.00029528 369
0.00600000 0.00600000 0.00030402 335
0.00610000 0.00610000 0.00031352 279
0.00620000 0.00620000 0.00032378 466
0.00630000 0.00630000 0.00033377 291
0.00640000 0.00640000 0.00034431 334
0.00650000 0.00650000 0.00035524 267
0.00660000 0.00660000 0.00036655 232
0.00670000 0.00670000 0.00037874 252
0.00680000 0.00680000 0.00039183 248
0.00690000 0.00690000 0.00040428 277
0.00700000 0.00700000 0.00041735 329
0.00710000 0.00710000 0.00043126 257
0.00720000 0.00720000 0.00044601 241
0.00730000 0.00730000 0.00046158 220
0.00740000 0.00740000 0.00047799 154
0.00750000 0.00750000 0.00049514 202
0.00760000 0.00760000 0.00051211 129
0.00770000 0.00770000 0.00053027 125
0.00780000 0.00780000 0.00054962 113
0.00790000 0.00790000 0.00057014 84
0.00800000 0.00800000 0.00059185 96
0.00810000 0.00810000 0.00061475 97
0.00820000 0.00820000 0.00063940 117
0.00830000 0.00830000 0.00066408 25
0.00840000 0.00840000 0.00069056 24
0.00850000 0.00850000 0.00071854 24
0.00860000 0.00860000 0.00074814 24
0.00870000 0.00870000 0.00077934 27
0.00880000 0.00880000 0.00081215 34
0.00890000 0.00890000 0.00084657 27
0.00900000 0.00900000 0.00088259 23
0.00910000 0.00910000 0.00092022 24
0.00920000 0.00920000 0.00095946 26
0.00930000 0.00930000 0.00100030 25
0.00940000 0.00940000 0.00104277 25
0.00950000 0.00950000 0.00108746 24
0.00960000 0.00960000 0.00113481 23
0.00970000 0.00970000 0.00118817 24
0.00980000 0.00980000 0.00124934 23
0.00990000 0.00990000 0.00131831 23
0.01000000 0.01000000 0.00139509 23
0.01010000 0.01010000 0.00147967 24
0.01020000 0.01020000 0.00157205 25
0.01030000 0.01030000 0.00167224 24
0.01040000 0.01040000 0.00178462 24
0.01050000 0.01050000 0.00195826 23
0.01060000 0.01060000 0.00221052 23
0.01070000 0.01070000 0.00288210 22

choose = 9
0.00010000 0.00010000 0.00024529 176
0.00020000 0.00020000 0.00023042 137
0.00030000 0.00030000 0.00021729 311
0.00040000 0.00040000 0.00020699 193
0.00050000 0.00050000 0.00019825 231
0.00060000 0.00060000 0.00019112 233
0.00070000 0.00070000 0.00018567 309
0.00080000 0.00080000 0.00017969 268
0.00090000 0.00090000 0.00017462 440
0.00100000 0.00100000 0.00016927 522
0.00110000 0.00110000 0.00016521 742
0.00120000 0.00120000 0.00016234 3028
0.00130000 0.00130000 0.00015762 3010
0.00140000 0.00140000 0.00015460 7322
0.00150000 0.00150000 0.00015105 6778
0.00160000 0.00160000 0.00014807 5849
0.00170000 0.00170000 0.00014545 15823
0.00180000 0.00180000 0.00014278 9287
0.00190000 0.00190000 0.00014031 92821
0.00200000 0.00200000 0.00013823 30075
0.00210000 0.00210000 0.00013672 32403
0.00220000 0.00220000 0.00013757 16918
0.00230000 0.00230000 0.00013793 20236
0.00240000 0.00240000 0.00013762 21842
0.00250000 0.00250000 0.00013836 24852
0.00260000 0.00260000 0.00013990 29437
0.00270000 0.00270000 0.00014115 39059
0.00280000 0.00280000 0.00014236 48161
0.00290000 0.00290000 0.00014372 47786
0.00300000 0.00300000 0.00014547 38593
0.00310000 0.00310000 0.00014678 51184
0.00320000 0.00320000 0.00014877 47793
0.00330000 0.00330000 0.00015105 37299
0.00340000 0.00340000 0.00015332 27306
0.00350000 0.00350000 0.00015566 24199
0.00360000 0.00360000 0.00015861 26805
0.00370000 0.00370000 0.00016213 18183
0.00380000 0.00380000 0.00016558 18658
0.00390000 0.00390000 0.00016966 21777
0.00400000 0.00400000 0.00017333 27910
0.00410000 0.00410000 0.00017737 21612
0.00420000 0.00420000 0.00018190 16739
0.00430000 0.00430000 0.00018678 14361
0.00440000 0.00440000 0.00019154 13462
0.00450000 0.00450000 0.00019658 17552
0.00460000 0.00460000 0.00020184 12313
0.00470000 0.00470000 0.00020687 11061
0.00480000 0.00480000 0.00021215 9407
0.00490000 0.00490000 0.00021784 8346
0.00500000 0.00500000 0.00022394 8585
0.00510000 0.00510000 0.00023047 7497
0.00520000 0.00520000 0.00023716 7769
0.00530000 0.00530000 0.00024342 6126
0.00540000 0.00540000 0.00025034 2745
0.00550000 0.00550000 0.00025734 2681
0.00560000 0.00560000 0.00026420 1668
0.00570000 0.00570000 0.00027176 655
0.00580000 0.00580000 0.00028001 533
0.00590000 0.00590000 0.00028896 578
0.00600000 0.00600000 0.00029831 490
0.00610000 0.00610000 0.00030736 382
0.00620000 0.00620000 0.00031717 260
0.00630000 0.00630000 0.00032753 266
0.00640000 0.00640000 0.00033818 200
0.00650000 0.00650000 0.00034901 167
0.00660000 0.00660000 0.00036018 192
0.00670000 0.00670000 0.00037209 207
0.00680000 0.00680000 0.00038440 165
0.00690000 0.00690000 0.00039724 214
0.00700000 0.00700000 0.00041088 162
0.00710000 0.00710000 0.00042533 241
0.00720000 0.00720000 0.00044059 156
0.00730000 0.00730000 0.00045667 142
0.00740000 0.00740000 0.00047355 156
0.00750000 0.00750000 0.00049124 140
0.00760000 0.00760000 0.00050930 190
0.00770000 0.00770000 0.00052832 137
0.00780000 0.00780000 0.00054837 112
0.00790000 0.00790000 0.00056945 98
0.00800000 0.00800000 0.00059185 152
0.00810000 0.00810000 0.00061475 93
0.00820000 0.00820000 0.00063879 25
0.00830000 0.00830000 0.00066408 24
0.00840000 0.00840000 0.00069056 23
0.00850000 0.00850000 0.00071854 23
0.00860000 0.00860000 0.00074814 25
0.00870000 0.00870000 0.00077934 29
0.00880000 0.00880000 0.00081215 22
0.00890000 0.00890000 0.00084657 22
0.00900000 0.00900000 0.00088259 22
0.00910000 0.00910000 0.00092022 25
0.00920000 0.00920000 0.00095946 24
0.00930000 0.00930000 0.00100030 25
0.00940000 0.00940000 0.00104277 23
0.00950000 0.00950000 0.00108746 24
0.00960000 0.00960000 0.00113481 23
0.00970000 0.00970000 0.00118817 22
0.00980000 0.00980000 0.00124934 23
0.00990000 0.00990000 0.00131831 21
0.01000000 0.01000000 0.00139509 22
0.01010000 0.01010000 0.00147967 22
0.01020000 0.01020000 0.00157205 21
0.01030000 0.01030000 0.00167224 23
0.01040000 0.01040000 0.00178462 22
0.01050000 0.01050000 0.00195826 23
0.01060000 0.01060000 0.00221052 21
0.01070000 0.01070000 0.00288210 22

choose = 10
0.00010000 0.00010000 0.00024529 261
0.00020000 0.00020000 0.00022935 243
0.00030000 0.00030000 0.00021633 236
0.00040000 0.00040000 0.00020544 250
0.00050000 0.00050000 0.00019604 210
0.00060000 0.00060000 0.00018825 242
0.00070000 0.00070000 0.00018073 295
0.00080000 0.00080000 0.00017454 283
0.00090000 0.00090000 0.00016968 331
0.00100000 0.00100000 0.00016575 563
0.00110000 0.00110000 0.00016112 677
0.00120000 0.00120000 0.00015740 2034
0.00130000 0.00130000 0.00015415 3862
0.00140000 0.00140000 0.00014991 4389
0.00150000 0.00150000 0.00014660 4047
0.00160000 0.00160000 0.00014452 28578
0.00170000 0.00170000 0.00014184 14325
0.00180000 0.00180000 0.00013927 27264
0.00190000 0.00190000 0.00013732 88928
0.00200000 0.00200000 0.00013500 108081
0.00210000 0.00210000 0.00013372 67444
0.00220000 0.00220000 0.00013335 14896
0.00230000 0.00230000 0.00013378 31801
0.00240000 0.00240000 0.00013450 36000
0.00250000 0.00250000 0.00013512 32248
0.00260000 0.00260000 0.00013601 51125
0.00270000 0.00270000 0.00013710 82591
0.00280000 0.00280000 0.00013848 132662
0.00290000 0.00290000 0.00013962 43800
0.00300000 0.00300000 0.00014131 50476
0.00310000 0.00310000 0.00014315 95435
0.00320000 0.00320000 0.00014474 48504
0.00330000 0.00330000 0.00014652 48170
0.00340000 0.00340000 0.00014840 36420
0.00350000 0.00350000 0.00015058 21930
0.00360000 0.00360000 0.00015335 27421
0.00370000 0.00370000 0.00015672 18324
0.00380000 0.00380000 0.00016069 20251
0.00390000 0.00390000 0.00016444 17725
0.00400000 0.00400000 0.00016809 18602
0.00410000 0.00410000 0.00017207 13968
0.00420000 0.00420000 0.00017655 14327
0.00430000 0.00430000 0.00018152 14391
0.00440000 0.00440000 0.00018624 14722
0.00450000 0.00450000 0.00019123 14586
0.00460000 0.00460000 0.00019651 14729
0.00470000 0.00470000 0.00020167 17698
0.00480000 0.00480000 0.00020717 13197
0.00490000 0.00490000 0.00021306 13080
0.00500000 0.00500000 0.00021937 10168
0.00510000 0.00510000 0.00022577 9245
0.00520000 0.00520000 0.00023226 10703
0.00530000 0.00530000 0.00023856 4617
0.00540000 0.00540000 0.00024495 4238
0.00550000 0.00550000 0.00025198 2857
0.00560000 0.00560000 0.00025963 2424
0.00570000 0.00570000 0.00026753 828
0.00580000 0.00580000 0.00027567 670
0.00590000 0.00590000 0.00028450 559
0.00600000 0.00600000 0.00029387 503
0.00610000 0.00610000 0.00030291 366
0.00620000 0.00620000 0.00031270 364
0.00630000 0.00630000 0.00032316 351
0.00640000 0.00640000 0.00033364 281
0.00650000 0.00650000 0.00034428 279
0.00660000 0.00660000 0.00035564 229
0.00670000 0.00670000 0.00036774 295
0.00680000 0.00680000 0.00038057 272
0.00690000 0.00690000 0.00039413 311
0.00700000 0.00700000 0.00040843 224
0.00710000 0.00710000 0.00042345 218
0.00720000 0.00720000 0.00043897 222
0.00730000 0.00730000 0.00045522 310
0.00740000 0.00740000 0.00047227 204
0.00750000 0.00750000 0.00048985 158
0.00760000 0.00760000 0.00050818 244
0.00770000 0.00770000 0.00052813 129
0.00780000 0.00780000 0.00054837 248
0.00790000 0.00790000 0.00056905 24
0.00800000 0.00800000 0.00059131 23
0.00810000 0.00810000 0.00061455 24
0.00820000 0.00820000 0.00063879 25
0.00830000 0.00830000 0.00066408 24
0.00840000 0.00840000 0.00069056 23
0.00850000 0.00850000 0.00071854 24
0.00860000 0.00860000 0.00074814 22
0.00870000 0.00870000 0.00077934 23
0.00880000 0.00880000 0.00081215 22
0.00890000 0.00890000 0.00084657 24
0.00900000 0.00900000 0.00088259 23
0.00910000 0.00910000 0.00092022 23
0.00920000 0.00920000 0.00095946 23
0.00930000 0.00930000 0.00100030 23
0.00940000 0.00940000 0.00104277 24
0.00950000 0.00950000 0.00108746 26
0.00960000 0.00960000 0.00113481 22
0.00970000 0.00970000 0.00118817 22
0.00980000 0.00980000 0.00124934 23
0.00990000 0.00990000 0.00131831 23
0.01000000 0.01000000 0.00139509 23
0.01010000 0.01010000 0.00147967 23
0.01020000 0.01020000 0.00157205 23
0.01030000 0.01030000 0.00167224 23
0.01040000 0.01040000 0.00178462 23
0.01050000 0.01050000 0.00195826 23
0.01060000 0.01060000 0.00221052 21
0.01070000 0.01070000 0.00288210 24

