choose = 2
0.00010000 0.00010000 0.00050432 278
0.00020000 0.00020000 0.00045196 209
0.00030000 0.00029918 0.00048959 369
0.00040000 0.00040000 0.00046303 359
0.00050000 0.00050000 0.00042866 332
0.00060000 0.00060000 0.00040192 408
0.00070000 0.00070000 0.00038280 341
0.00080000 0.00080000 0.00037024 403
0.00090000 0.00090000 0.00036206 481
0.00100000 0.00100000 0.00036054 424
0.00110000 0.00110000 0.00036570 540
0.00120000 0.00120000 0.00035155 529
0.00130000 0.00130000 0.00033341 472
0.00140000 0.00140000 0.00032279 549
0.00150000 0.00150000 0.00030757 550
0.00160000 0.00160000 0.00029359 438
0.00170000 0.00170000 0.00028085 527
0.00180000 0.00180000 0.00026936 479
0.00190000 0.00190000 0.00025910 468
0.00200000 0.00200000 0.00025009 600
0.00210000 0.00210000 0.00024232 467
0.00220000 0.00220000 0.00023578 551
0.00230000 0.00230000 0.00023049 709
0.00240000 0.00240000 0.00022645 645
0.00250000 0.00250000 0.00021592 604
0.00260000 0.00260000 0.00020905 700
0.00270000 0.00270000 0.00020595 632
0.00280000 0.00280000 0.00020660 636
0.00290000 0.00290000 0.00021101 844
0.00300000 0.00300000 0.00021707 827
0.00310000 0.00310000 0.00022386 916
0.00320000 0.00320000 0.00022652 1069
0.00330000 0.00330000 0.00022550 1040
0.00340000 0.00339999 0.00022831 1176
0.00350000 0.00350000 0.00023647 1025
0.00360000 0.00360000 0.00024574 1019
0.00370000 0.00369999 0.00025154 1155
0.00380000 0.00380000 0.00025850 1182
0.00390000 0.00389999 0.00026660 891
0.00400000 0.00400000 0.00027587 1269
0.00410000 0.00409988 0.00028627 1121
0.00420000 0.00419999 0.00029785 988
0.00430000 0.00429994 0.00031057 1054
0.00440000 0.00440000 0.00032445 1208
0.00450000 0.00449999 0.00033857 883
0.00460000 0.00459999 0.00035305 898
0.00470000 0.00469999 0.00036845 782
0.00480000 0.00480000 0.00038479 943
0.00490000 0.00490000 0.00040206 756
0.00500000 0.00500000 0.00042025 753
0.00510000 0.00510000 0.00043939 866
0.00520000 0.00520000 0.00045945 831
0.00530000 0.00529999 0.00048044 740
0.00540000 0.00540000 0.00050236 695
0.00550000 0.00550000 0.00052522 499
0.00560000 0.00560000 0.00053927 504
0.00570000 0.00570000 0.00055446 490
0.00580000 0.00580000 0.00057105 473
0.00590000 0.00590000 0.00057456 503
0.00600000 0.00600000 0.00057876 474
0.00610000 0.00610000 0.00058518 616
0.00620000 0.00620000 0.00059382 488
0.00630000 0.00630000 0.00060468 561
0.00640000 0.00640000 0.00061775 528
0.00650000 0.00650000 0.00063305 380
0.00660000 0.00660000 0.00065056 442
0.00670000 0.00670000 0.00067029 443
0.00680000 0.00680000 0.00069224 481
0.00690000 0.00690000 0.00071282 427
0.00700000 0.00700000 0.00073486 387
0.00710000 0.00710000 0.00075945 476
0.00720000 0.00719999 0.00078656 470
0.00730000 0.00730000 0.00081621 365
0.00740000 0.00740000 0.00084840 450
0.00750000 0.00750000 0.00088312 424
0.00760000 0.00760000 0.00082388 310
0.00770000 0.00770000 0.00087812 375
0.00780000 0.00780000 0.00100249 344
0.00790000 0.00790000 0.00104513 281
0.00800000 0.00800000 0.00105543 333
0.00810000 0.00810000 0.00107233 398
0.00820000 0.00820000 0.00109585 269
0.00830000 0.00830000 0.00112598 279
0.00840000 0.00840000 0.00115137 252
0.00850000 0.00850000 0.00112438 193
0.00860000 0.00860000 0.00111158 197
0.00870000 0.00870000 0.00111295 166
0.00880000 0.00880000 0.00112850 174
0.00890000 0.00890000 0.00115823 171
0.00900000 0.00900000 0.00120214 189
0.00910000 0.00910000 0.00125853 196
0.00920000 0.00920000 0.00129535 172
0.00930000 0.00930000 0.00134084 166
0.00940000 0.00940000 0.00139501 159
0.00950000 0.00950000 0.00145786 153
0.00960000 0.00960000 0.00152937 173
0.00970000 0.00970000 0.00160956 153
0.00980000 0.00980000 0.00169842 160
0.00990000 0.00990000 0.00179596 156
0.01000000 0.01000000 0.00187818 169
0.01010000 0.01010000 0.00190795 153
0.01020000 0.01020000 0.00188990 151
0.01030000 0.01030000 0.00193139 164
0.01040000 0.01040000 0.00204823 114
0.01050000 0.01050000 0.00224043 120
0.01060000 0.01060000 0.00216517 102
0.01070000 0.01070000 0.00274870 95

choose = 3
0.00010000 0.00010000 0.00039426 332
0.00020000 0.00020000 0.00037849 439
0.00030000 0.00030000 0.00035672 466
0.00040000 0.00040000 0.00034360 462
0.00050000 0.00050000 0.00033198 539
0.00060000 0.00060000 0.00031497 555
0.00070000 0.00070000 0.00030263 488
0.00080000 0.00080000 0.00029765 603
0.00090000 0.00090000 0.00029174 543
0.00100000 0.00100000 0.00028480 525
0.00110000 0.00110000 0.00027540 651
0.00120000 0.00120000 0.00027140 649
0.00130000 0.00130000 0.00025603 615
0.00140000 0.00140000 0.00025054 693
0.00150000 0.00150000 0.00023857 700
0.00160000 0.00160000 0.00023171 628
0.00170000 0.00170000 0.00022385 1005
0.00180000 0.00180000 0.00021704 1082
0.00190000 0.00190000 0.00021127 1152
0.00200000 0.00200000 0.00020654 1195
0.00210000 0.00210000 0.00020285 1469
0.00220000 0.00220000 0.00019484 1465
0.00230000 0.00230000 0.00018850 1358
0.00240000 0.00240000 0.00018472 1975
0.00250000 0.00250000 0.00018350 2030
0.00260000 0.00260000 0.00018484 1898
0.00270000 0.00270000 0.00018875 4869
0.00280000 0.00280000 0.00018963 4984
0.00290000 0.00290000 0.00019298 4637
0.00300000 0.00300000 0.00019923 6141
0.00310000 0.00310000 0.00020230 6254
0.00320000 0.00320000 0.00020751 6766
0.00330000 0.00330000 0.00021348 8057
0.00340000 0.00340000 0.00021496 8058
0.00350000 0.00350000 0.00021961 7269
0.00360000 0.00360000 0.00022522 7506
0.00370000 0.00370000 0.00023146 7488
0.00380000 0.00380000 0.00023527 7211
0.00390000 0.00390000 0.00024000 6234
0.00400000 0.00400000 0.00024565 6437
0.00410000 0.00410000 0.00025223 6583
0.00420000 0.00420000 0.00025973 5994
0.00430000 0.00430000 0.00026816 5621
0.00440000 0.00440000 0.00027751 4759
0.00450000 0.00450000 0.00028779 5228
0.00460000 0.00460000 0.00029899 4987
0.00470000 0.00470000 0.00031112 4702
0.00480000 0.00480000 0.00032291 4098
0.00490000 0.00490000 0.00033290 3604
0.00500000 0.00500000 0.00034341 3488
0.00510000 0.00510000 0.00035443 3275
0.00520000 0.00520000 0.00036597 1900
0.00530000 0.00530000 0.00037771 1515
0.00540000 0.00540000 0.00038623 1682
0.00550000 0.00550000 0.00039366 1388
0.00560000 0.00560000 0.00040038 1312
0.00570000 0.00570000 0.00040843 945
0.00580000 0.00580000 0.00041781 912
0.00590000 0.00590000 0.00042608 779
0.00600000 0.00600000 0.00043478 624
0.00610000 0.00610000 0.00044455 667
0.00620000 0.00620000 0.00045541 640
0.00630000 0.00630000 0.00046735 582
0.00640000 0.00640000 0.00048037 693
0.00650000 0.00650000 0.00049448 632
0.00660000 0.00660000 0.00050966 489
0.00670000 0.00670000 0.00052593 590
0.00680000 0.00680000 0.00054328 598
0.00690000 0.00690000 0.00056172 481
0.00700000 0.00700000 0.00058123 562
0.00710000 0.00710000 0.00060183 468
0.00720000 0.00720000 0.00062308 581
0.00730000 0.00730000 0.00063857 581
0.00740000 0.00740000 0.00065602 452
0.00750000 0.00750000 0.00067544 586
0.00760000 0.00760000 0.00069275 463
0.00770000 0.00770000 0.00071146 422
0.00780000 0.00780000 0.00073289 477
0.00790000 0.00790000 0.00075702 416
0.00800000 0.00800000 0.00078049 373
0.00810000 0.00810000 0.00078733 385
0.00820000 0.00820000 0.00080121 375
0.00830000 0.00830000 0.00082214 323
0.00840000 0.00840000 0.00085010 337
0.00850000 0.00850000 0.00088512 308
0.00860000 0.00860000 0.00092251 331
0.00870000 0.00870000 0.00095976 342
0.00880000 0.00880000 0.00100131 187
0.00890000 0.00890000 0.00100287 173
0.00900000 0.00900000 0.00101579 183
0.00910000 0.00910000 0.00104007 172
0.00920000 0.00920000 0.00107364 161
0.00930000 0.00930000 0.00109973 151
0.00940000 0.00940000 0.00113368 142
0.00950000 0.00950000 0.00117549 132
0.00960000 0.00960000 0.00122515 137
0.00970000 0.00970000 0.00128268 126
0.00980000 0.00980000 0.00134807 140
0.00990000 0.00990000 0.00142132 140
0.01000000 0.01000000 0.00150242 133
0.01010000 0.01010000 0.00159139 135
0.01020000 0.01020000 0.00166598 128
0.01030000 0.01030000 0.00168003 128
0.01040000 0.01040000 0.00176785 98
0.01050000 0.01050000 0.00192946 99
0.01060000 0.01060000 0.00216483 95
0.01070000 0.01069915 0.00274096 102

choose = 4
0.00010000 0.00010000 0.00030736 244
0.00020000 0.00020000 0.00031556 370
0.00030000 0.00030000 0.00030355 486
0.00040000 0.00040000 0.00029124 446
0.00050000 0.00050000 0.00028180 403
0.00060000 0.00060000 0.00026568 598
0.00070000 0.00070000 0.00025679 530
0.00080000 0.00080000 0.00025512 569
0.00090000 0.00090000 0.00025292 645
0.00100000 0.00100000 0.00024524 702
0.00110000 0.00110000 0.00023963 1102
0.00120000 0.00120000 0.00022711 1017
0.00130000 0.00130000 0.00022093 1116
0.00140000 0.00140000 0.00021127 1156
0.00150000 0.00150000 0.00020966 1353
0.00160000 0.00160000 0.00020395 1433
0.00170000 0.00170000 0.00019921 4534
0.00180000 0.00180000 0.00019319 1969
0.00190000 0.00190000 0.00018606 1897
0.00200000 0.00200000 0.00018055 6242
0.00210000 0.00210000 0.00017667 5114
0.00220000 0.00220000 0.00017442 5380
0.00230000 0.00230000 0.00017379 7653
0.00240000 0.00240000 0.00017328 7605
0.00250000 0.00250000 0.00017099 8803
0.00260000 0.00260000 0.00017121 10723
0.00270000 0.00270000 0.00017395 10489
0.00280000 0.00280000 0.00017920 13571
0.00290000 0.00290000 0.00018257 21954
0.00300000 0.00300000 0.00018426 18098
0.00310000 0.00310000 0.00018718 19700
0.00320000 0.00320000 0.00019223 36516
0.00330000 0.00330000 0.00019784 29331
0.00340000 0.00340000 0.00020351 30383
0.00350000 0.00350000 0.00020754 27969
0.00360000 0.00360000 0.00021232 36650
0.00370000 0.00370000 0.00021547 29090
0.00380000 0.00380000 0.00021966 24207
0.00390000 0.00390000 0.00022487 28373
0.00400000 0.00400000 0.00023111 26557
0.00410000 0.00410000 0.00023795 24601
0.00420000 0.00420000 0.00024516 25428
0.00430000 0.00430000 0.00025329 24131
0.00440000 0.00440000 0.00026143 21683
0.00450000 0.00450000 0.00026763 16426
0.00460000 0.00460000 0.00027429 17159
0.00470000 0.00470000 0.00028142 10763
0.00480000 0.00480000 0.00028901 11768
0.00490000 0.00490000 0.00029707 11314
0.00500000 0.00500000 0.00030559 8128
0.00510000 0.00510000 0.00031454 9494
0.00520000 0.00520000 0.00031954 5856
0.00530000 0.00530000 0.00032523 5536
0.00540000 0.00540000 0.00033079 4301
0.00550000 0.00550000 0.00033735 3807
0.00560000 0.00560000 0.00034491 1509
0.00570000 0.00570000 0.00035347 1404
0.00580000 0.00580000 0.00036304 1407
0.00590000 0.00590000 0.00037360 969
0.00600000 0.00600000 0.00038517 994
0.00610000 0.00610000 0.00039389 1068
0.00620000 0.00620000 0.00040240 939
0.00630000 0.00630000 0.00041195 910
0.00640000 0.00640000 0.00042252 688
0.00650000 0.00650000 0.00043412 479
0.00660000 0.00660000 0.00044675 598
0.00670000 0.00670000 0.00046041 582
0.00680000 0.00680000 0.00047510 448
0.00690000 0.00690000 0.00049082 530
0.00700000 0.00700000 0.00050756 490
0.00710000 0.00710000 0.00052534 462
0.00720000 0.00720000 0.00053831 535
0.00730000 0.00730000 0.00054865 429
0.00740000 0.00740000 0.00056168 502
0.00750000 0.00750000 0.00057738 480
0.00760000 0.00760000 0.00059577 343
0.00770000 0.00770000 0.00061684 370
0.00780000 0.00780000 0.00064058 421
0.00790000 0.00790000 0.00066358 312
0.00800000 0.00800000 0.00068140 365
0.00810000 0.00810000 0.00070152 317
0.00820000 0.00820000 0.00072394 297
0.00830000 0.00830000 0.00074864 187
0.00840000 0.00840000 0.00077565 297
0.00850000 0.00850000 0.00080267 171
0.00860000 0.00860000 0.00082491 167
0.00870000 0.00870000 0.00084704 163
0.00880000 0.00880000 0.00087307 153
0.00890000 0.00890000 0.00090298 148
0.00900000 0.00900000 0.00093679 137
0.00910000 0.00910000 0.00097448 143
0.00920000 0.00920000 0.00099860 138
0.00930000 0.00930000 0.00102010 131
0.00940000 0.00940000 0.00104932 144
0.00950000 0.00950000 0.00108626 130
0.00960000 0.00960000 0.00113092 127
0.00970000 0.00970000 0.00118331 136
0.00980000 0.00980000 0.00124343 133
0.00990000 0.00990000 0.00131126 123
0.01000000 0.01000000 0.00138682 129
0.01010000 0.01010000 0.00147010 128
0.01020000 0.01020000 0.00156110 115
0.01030000 0.01030000 0.00165983 118
0.01040000 0.01040000 0.00176785 94
0.01050000 0.01050000 0.00192946 93
0.01060000 0.01060000 0.00216483 92
0.01070000 0.01070000 0.00274870 92

choose = 5
0.00010000 0.00010000 0.00027982 333
0.00020000 0.00020000 0.00027098 398
0.00030000 0.00030000 0.00026075 362
0.00040000 0.00040000 0.00025037 415
0.00050000 0.00050000 0.00024404 492
0.00060000 0.00060000 0.00023900 590
0.00070000 0.00070000 0.00023597 641
0.00080000 0.00080000 0.00022854 679
0.00090000 0.00090000 0.00021936 779
0.00100000 0.00100000 0.00021417 773
0.00110000 0.00110000 0.00021077 1223
0.00120000 0.00120000 0.00020654 1423
0.00130000 0.00130000 0.00019588 1626
0.00140000 0.00140000 0.00019061 1580
0.00150000 0.00150000 0.00018664 1854
0.00160000 0.00160000 0.00018410 5323
0.00170000 0.00170000 0.00018189 6417
0.00180000 0.00180000 0.00017783 8676
0.00190000 0.00190000 0.00017361 8285
0.00200000 0.00200000 0.00017029 9528
0.00210000 0.00210000 0.00016683 10409
0.00220000 0.00220000 0.00016466 13872
0.00230000 0.00230000 0.00016309 17170
0.00240000 0.00240000 0.00016311 27482
0.00250000 0.00250000 0.00016366 21969
0.00260000 0.00260000 0.00016372 34362
0.00270000 0.00270000 0.00016546 29548
0.00280000 0.00280000 0.00016770 34283
0.00290000 0.00290000 0.00017149 75364
0.00300000 0.00300000 0.00017553 73071
0.00310000 0.00310000 0.00017760 86350
0.00320000 0.00320000 0.00018023 102916
0.00330000 0.00330000 0.00018471 79337
0.00340000 0.00340000 0.00018972 107887
0.00350000 0.00350000 0.00019323 94389
0.00360000 0.00360000 0.00019749 109940
0.00370000 0.00370000 0.00020250 119251
0.00380000 0.00380000 0.00020826 113889
0.00390000 0.00390000 0.00021186 109968
0.00400000 0.00400000 0.00021599 124701
0.00410000 0.00410000 0.00022099 94498
0.00420000 0.00420000 0.00022687 64533
0.00430000 0.00430000 0.00023361 76798
0.00440000 0.00440000 0.00024123 77135
0.00450000 0.00450000 0.00024971 70509
0.00460000 0.00460000 0.00025647 55198
0.00470000 0.00470000 0.00026217 66667
0.00480000 0.00480000 0.00026762 39847
0.00490000 0.00490000 0.00027329 25700
0.00500000 0.00500000 0.00027823 18705
0.00510000 0.00510000 0.00028334 14869
0.00520000 0.00520000 0.00028836 10639
0.00530000 0.00530000 0.00029436 7492
0.00540000 0.00540000 0.00030133 6315
0.00550000 0.00550000 0.00030738 5222
0.00560000 0.00560000 0.00031431 4120
0.00570000 0.00570000 0.00032224 3730
0.00580000 0.00580000 0.00033116 1812
0.00590000 0.00590000 0.00034108 1563
0.00600000 0.00600000 0.00034834 1209
0.00610000 0.00610000 0.00035583 1010
0.00620000 0.00620000 0.00036434 1013
0.00630000 0.00630000 0.00037388 961
0.00640000 0.00640000 0.00038445 752
0.00650000 0.00650000 0.00039606 642
0.00660000 0.00660000 0.00040869 624
0.00670000 0.00670000 0.00042235 616
0.00680000 0.00680000 0.00043703 516
0.00690000 0.00690000 0.00045044 460
0.00700000 0.00700000 0.00046405 468
0.00710000 0.00710000 0.00047939 508
0.00720000 0.00720000 0.00049555 411
0.00730000 0.00730000 0.00051032 442
0.00740000 0.00740000 0.00052655 427
0.00750000 0.00750000 0.00054423 404
0.00760000 0.00760000 0.00056337 450
0.00770000 0.00770000 0.00057824 438
0.00780000 0.00780000 0.00059397 254
0.00790000 0.00790000 0.00061161 402
0.00800000 0.00800000 0.00063119 251
0.00810000 0.00810000 0.00065268 187
0.00820000 0.00820000 0.00067610 191
0.00830000 0.00830000 0.00070144 194
0.00840000 0.00840000 0.00072464 188
0.00850000 0.00850000 0.00074775 172
0.00860000 0.00860000 0.00077281 152
0.00870000 0.00870000 0.00079981 152
0.00880000 0.00880000 0.00082874 159
0.00890000 0.00890000 0.00085962 155
0.00900000 0.00900000 0.00089244 157
0.00910000 0.00910000 0.00092719 157
0.00920000 0.00920000 0.00096389 146
0.00930000 0.00930000 0.00100083 164
0.00940000 0.00940000 0.00104068 143
0.00950000 0.00950000 0.00108405 128
0.00960000 0.00960000 0.00113092 126
0.00970000 0.00970000 0.00118331 92
0.00980000 0.00980000 0.00124343 91
0.00990000 0.00990000 0.00131126 92
0.01000000 0.01000000 0.00138682 92
0.01010000 0.01010000 0.00147010 92
0.01020000 0.01020000 0.00156110 93
0.01030000 0.01030000 0.00165983 92
0.01040000 0.01040000 0.00176785 92
0.01050000 0.01050000 0.00192946 91
0.01060000 0.01060000 0.00216483 94
0.01070000 0.01070000 0.00274870 92

choose = 6
0.00010000 0.00010000 0.00026191 176
0.00020000 0.00020000 0.00025070 351
0.00030000 0.00030000 0.00024055 390
0.00040000 0.00040000 0.00023385 407
0.00050000 0.00050000 0.00022633 348
0.00060000 0.00060000 0.00022060 568
0.00070000 0.00070000 0.00021346 611
0.00080000 0.00080000 0.00020877 599
0.00090000 0.00090000 0.00020411 1091
0.00100000 0.00100000 0.00019878 1145
0.00110000 0.00110000 0.00019272 1301
0.00120000 0.00120000 0.00018726 1518
0.00130000 0.00130000 0.00018383 4398
0.00140000 0.00140000 0.00017650 2142
0.00150000 0.00150000 0.00017467 5140
0.00160000 0.00160000 0.00017147 15938
0.00170000 0.00170000 0.00016848 7883
0.00180000 0.00180000 0.00016521 10114
0.00190000 0.00190000 0.00016182 11833
0.00200000 0.00200000 0.00015935 25685
0.00210000 0.00210000 0.00015697 20048
0.00220000 0.00220000 0.00015420 22508
0.00230000 0.00230000 0.00015301 26009
0.00240000 0.00240000 0.00015339 28391
0.00250000 0.00250000 0.00015535 50689
0.00260000 0.00260000 0.00015815 40926
0.00270000 0.00270000 0.00015824 19746
0.00280000 0.00280000 0.00016039 30881
0.00290000 0.00290000 0.00016315 24081
0.00300000 0.00300000 0.00016566 31077
0.00310000 0.00310000 0.00016952 45756
0.00320000 0.00320000 0.00017280 51551
0.00330000 0.00330000 0.00017617 76459
0.00340000 0.00340000 0.00018039 90691
0.00350000 0.00350000 0.00018320 76577
0.00360000 0.00360000 0.00018663 67626
0.00370000 0.00370000 0.00019055 64443
0.00380000 0.00380000 0.00019517 69579
0.00390000 0.00390000 0.00019910 64375
0.00400000 0.00400000 0.00020282 54821
0.00410000 0.00410000 0.00020726 41964
0.00420000 0.00420000 0.00021241 35537
0.00430000 0.00430000 0.00021828 39319
0.00440000 0.00440000 0.00022487 36482
0.00450000 0.00450000 0.00022988 24325
0.00460000 0.00460000 0.00023494 19043
0.00470000 0.00470000 0.00024057 34424
0.00480000 0.00480000 0.00024678 14267
0.00490000 0.00490000 0.00025314 12461
0.00500000 0.00500000 0.00025818 10866
0.00510000 0.00510000 0.00026252 5946
0.00520000 0.00520000 0.00026803 4201
0.00530000 0.00530000 0.00027419 3065
0.00540000 0.00540000 0.00028043 3134
0.00550000 0.00550000 0.00028763 2514
0.00560000 0.00560000 0.00029334 1922
0.00570000 0.00570000 0.00029945 1668
0.00580000 0.00580000 0.00030648 788
0.00590000 0.00590000 0.00031442 497
0.00600000 0.00600000 0.00032328 493
0.00610000 0.00610000 0.00033306 550
0.00620000 0.00620000 0.00034376 544
0.00630000 0.00630000 0.00035538 464
0.00640000 0.00640000 0.00036670 471
0.00650000 0.00650000 0.00037887 314
0.00660000 0.00660000 0.00038966 369
0.00670000 0.00670000 0.00040091 297
0.00680000 0.00680000 0.00041305 308
0.00690000 0.00690000 0.00042607 286
0.00700000 0.00700000 0.00043997 232
0.00710000 0.00710000 0.00045477 247
0.00720000 0.00720000 0.00047044 235
0.00730000 0.00730000 0.00048701 277
0.00740000 0.00740000 0.00050446 253
0.00750000 0.00750000 0.00052048 241
0.00760000 0.00760000 0.00053670 212
0.00770000 0.00770000 0.00055441 226
0.00780000 0.00780000 0.00057301 125
0.00790000 0.00790000 0.00059336 102
0.00800000 0.00800000 0.00061232 88
0.00810000 0.00810000 0.00063170 83
0.00820000 0.00820000 0.00065279 91
0.00830000 0.00830000 0.00067562 89
0.00840000 0.00840000 0.00070016 119
0.00850000 0.00850000 0.00072643 106
0.00860000 0.00860000 0.00075442 102
0.00870000 0.00870000 0.00078413 80
0.00880000 0.00880000 0.00081557 92
0.00890000 0.00890000 0.00084873 78
0.00900000 0.00900000 0.00088361 84
0.00910000 0.00910000 0.00092022 77
0.00920000 0.00920000 0.00095773 77
0.00930000 0.00930000 0.00099725 86
0.00940000 0.00940000 0.00103929 83
0.00950000 0.00950000 0.00108382 77
0.00960000 0.00960000 0.00113092 60
0.00970000 0.00970000 0.00118331 59
0.00980000 0.00980000 0.00124343 59
0.00990000 0.00990000 0.00131126 60
0.01000000 0.01000000 0.00138682 59
0.01010000 0.01010000 0.00147010 59
0.01020000 0.01020000 0.00156110 60
0.01030000 0.01030000 0.00165983 59
0.01040000 0.01040000 0.00176785 61
0.01050000 0.01050000 0.00192946 60
0.01060000 0.01060000 0.00216483 59
0.01070000 0.01070000 0.00274870 59

choose = 7
0.00010000 0.00010000 0.00025242 143
0.00020000 0.00020000 0.00024060 316
0.00030000 0.00030000 0.00023019 278
0.00040000 0.00040000 0.00022274 271
0.00050000 0.00050000 0.00021363 347
0.00060000 0.00060000 0.00020683 402
0.00070000 0.00070000 0.00020044 522
0.00080000 0.00080000 0.00019650 648
0.00090000 0.00090000 0.00019200 910
0.00100000 0.00100000 0.00018592 1140
0.00110000 0.00110000 0.00018065 1390
0.00120000 0.00120000 0.00017618 1517
0.00130000 0.00130000 0.00017212 7106
0.00140000 0.00140000 0.00016875 8172
0.00150000 0.00150000 0.00016580 5995
0.00160000 0.00160000 0.00016220 9055
0.00170000 0.00170000 0.00015963 11417
0.00180000 0.00180000 0.00015641 19173
0.00190000 0.00190085 0.00015299 29044
0.00200000 0.00200000 0.00015054 20829
0.00210000 0.00210000 0.00015001 20555
0.00220000 0.00220000 0.00014940 10280
0.00230000 0.00230000 0.00014882 35569
0.00240000 0.00240000 0.00014905 48882
0.00250000 0.00250000 0.00014938 31495
0.00260000 0.00260000 0.00015103 21147
0.00270000 0.00270000 0.00015362 37708
0.00280000 0.00280000 0.00015540 40397
0.00290000 0.00290000 0.00015776 82608
0.00300000 0.00300000 0.00015997 168621
0.00310000 0.00310000 0.00016239 96513
0.00320000 0.00320000 0.00016444 255770
0.00330000 0.00330000 0.00016665 359816
0.00340000 0.00340000 0.00016916 327121
0.00350000 0.00350000 0.00017155 277506
0.00360000 0.00360000 0.00017464 303472
0.00370000 0.00370000 0.00017842 176867
0.00380000 0.00380000 0.00018290 77924
0.00390000 0.00390000 0.00018626 48550
0.00400000 0.00400000 0.00018998 51039
0.00410000 0.00410000 0.00019441 35064
0.00420000 0.00420000 0.00019957 38434
0.00430000 0.00430000 0.00020495 35761
0.00440000 0.00440000 0.00020941 40302
0.00450000 0.00450000 0.00021444 24599
0.00460000 0.00460000 0.00022002 18492
0.00470000 0.00470000 0.00022603 20104
0.00480000 0.00480000 0.00023216 17103
0.00490000 0.00490000 0.00023762 12041
0.00500000 0.00500000 0.00024224 8515
0.00510000 0.00510000 0.00024770 5761
0.00520000 0.00520000 0.00025400 4541
0.00530000 0.00530000 0.00026113 3949
0.00540000 0.00540000 0.00026691 2910
0.00550000 0.00550000 0.00027261 2332
0.00560000 0.00560000 0.00027916 1968
0.00570000 0.00570000 0.00028658 1768
0.00580000 0.00580000 0.00029485 738
0.00590000 0.00590000 0.00030397 537
0.00600000 0.00600000 0.00031323 548
0.00610000 0.00610000 0.00032277 486
0.00620000 0.00620000 0.00033174 560
0.00630000 0.00630000 0.00034150 438
0.00640000 0.00640000 0.00035204 445
0.00650000 0.00650000 0.00036336 330
0.00660000 0.00660000 0.00037547 320
0.00670000 0.00670000 0.00038781 294
0.00680000 0.00680000 0.00040021 309
0.00690000 0.00690000 0.00041351 244
0.00700000 0.00700000 0.00042744 253
0.00710000 0.00710000 0.00044225 244
0.00720000 0.00720000 0.00045749 255
0.00730000 0.00730000 0.00047277 215
0.00740000 0.00740000 0.00048950 177
0.00750000 0.00750000 0.00050749 186
0.00760000 0.00760000 0.00052381 238
0.00770000 0.00770000 0.00053875 182
0.00780000 0.00780000 0.00055530 94
0.00790000 0.00790000 0.00057347 84
0.00800000 0.00800000 0.00059324 70
0.00810000 0.00810000 0.00061463 76
0.00820000 0.00820000 0.00063762 74
0.00830000 0.00830000 0.00066223 73
0.00840000 0.00840000 0.00068845 75
0.00850000 0.00850000 0.00071628 69
0.00860000 0.00860000 0.00074573 70
0.00870000 0.00870000 0.00077678 73
0.00880000 0.00880000 0.00080945 73
0.00890000 0.00890000 0.00084372 72
0.00900000 0.00900000 0.00087961 73
0.00910000 0.00910000 0.00091711 73
0.00920000 0.00920000 0.00095622 73
0.00930000 0.00930000 0.00099694 73
0.00940000 0.00940000 0.00103929 61
0.00950000 0.00950000 0.00108382 61
0.00960000 0.00960000 0.00113092 63
0.00970000 0.00970000 0.00118331 61
0.00980000 0.00980000 0.00124343 61
0.00990000 0.00990000 0.00131126 60
0.01000000 0.01000000 0.00138682 60
0.01010000 0.01010000 0.00147010 59
0.01020000 0.01020000 0.00156110 60
0.01030000 0.01030000 0.00165983 59
0.01040000 0.01040000 0.00176785 59
0.01050000 0.01050000 0.00192946 60
0.01060000 0.01060000 0.00216483 60
0.01070000 0.01070000 0.00274870 60

choose = 8
0.00010000 0.00010000 0.00025072 97
0.00020000 0.00020000 0.00023532 284
0.00030000 0.00030000 0.00022429 168
0.00040000 0.00040000 0.00021460 165
0.00050000 0.00050000 0.00020629 242
0.00060000 0.00060000 0.00019964 288
0.00070000 0.00070000 0.00019366 338
0.00080000 0.00080000 0.00018822 353
0.00090000 0.00090000 0.00018256 469
0.00100000 0.00100000 0.00017808 707
0.00110000 0.00110000 0.00017403 902
0.00120000 0.00120000 0.00016908 1014
0.00130000 0.00130000 0.00016515 2175
0.00140000 0.00140000 0.00016236 2864
0.00150000 0.00150000 0.00015884 3014
0.00160000 0.00160000 0.00015547 4526
0.00170000 0.00170000 0.00015242 5093
0.00180000 0.00180000 0.00014980 7188
0.00190000 0.00190000 0.00014620 5824
0.00200000 0.00200000 0.00014362 6527
0.00210000 0.00210000 0.00014396 11293
0.00220000 0.00220000 0.00014377 14096
0.00230000 0.00230000 0.00014325 16273
0.00240000 0.00240000 0.00014414 21108
0.00250000 0.00250000 0.00014502 30869
0.00260000 0.00260000 0.00014566 34564
0.00270000 0.00270000 0.00014705 35056
0.00280000 0.00280000 0.00014825 38202
0.00290000 0.00290000 0.00015021 56148
0.00300000 0.00300000 0.00015152 59449
0.00310000 0.00310000 0.00015306 58319
0.00320000 0.00320000 0.00015530 80113
0.00330000 0.00330000 0.00015789 82762
0.00340000 0.00340000 0.00016033 69230
0.00350000 0.00350000 0.00016344 64690
0.00360000 0.00360000 0.00016686 73262
0.00370000 0.00370000 0.00016986 55232
0.00380000 0.00380000 0.00017340 76175
0.00390000 0.00390000 0.00017743 57511
0.00400000 0.00400000 0.00018173 69938
0.00410000 0.00410000 0.00018627 36990
0.00420000 0.00420000 0.00018981 31089
0.00430000 0.00430000 0.00019385 31954
0.00440000 0.00440000 0.00019845 26110
0.00450000 0.00450000 0.00020361 20404
0.00460000 0.00460000 0.00020932 18935
0.00470000 0.00470000 0.00021560 18472
0.00480000 0.00480000 0.00022186 16452
0.00490000 0.00490000 0.00022726 13634
0.00500000 0.00500000 0.00023285 10104
0.00510000 0.00510000 0.00023890 6882
0.00520000 0.00520000 0.00024501 5701
0.00530000 0.00530000 0.00025048 3305
0.00540000 0.00540000 0.00025664 3124
0.00550000 0.00550000 0.00026350 2744
0.00560000 0.00560000 0.00027106 2403
0.00570000 0.00570000 0.00027931 1963
0.00580000 0.00580000 0.00028748 1121
0.00590000 0.00590000 0.00029531 731
0.00600000 0.00600000 0.00030391 710
0.00610000 0.00610000 0.00031329 619
0.00620000 0.00620000 0.00032343 568
0.00630000 0.00630000 0.00033347 549
0.00640000 0.00640000 0.00034388 434
0.00650000 0.00650000 0.00035477 431
0.00660000 0.00660000 0.00036595 343
0.00670000 0.00670000 0.00037803 316
0.00680000 0.00680000 0.00039100 307
0.00690000 0.00690000 0.00040344 259
0.00700000 0.00700000 0.00041640 199
0.00710000 0.00710000 0.00043020 173
0.00720000 0.00720000 0.00044485 232
0.00730000 0.00730000 0.00046033 219
0.00740000 0.00740000 0.00047666 178
0.00750000 0.00750000 0.00049383 173
0.00760000 0.00760000 0.00051104 208
0.00770000 0.00770000 0.00052906 145
0.00780000 0.00780000 0.00054827 129
0.00790000 0.00790000 0.00056866 106
0.00800000 0.00800000 0.00059024 89
0.00810000 0.00810000 0.00061301 83
0.00820000 0.00820000 0.00063697 76
0.00830000 0.00830000 0.00066211 89
0.00840000 0.00840000 0.00068845 62
0.00850000 0.00850000 0.00071628 65
0.00860000 0.00860000 0.00074573 61
0.00870000 0.00870000 0.00077678 62
0.00880000 0.00880000 0.00080945 61
0.00890000 0.00890000 0.00084372 61
0.00900000 0.00900000 0.00087961 61
0.00910000 0.00910000 0.00091711 61
0.00920000 0.00920000 0.00095622 61
0.00930000 0.00930000 0.00099694 62
0.00940000 0.00940000 0.00103929 61
0.00950000 0.00950000 0.00108382 62
0.00960000 0.00960000 0.00113092 61
0.00970000 0.00970000 0.00118331 61
0.00980000 0.00980000 0.00124343 61
0.00990000 0.00990000 0.00131126 61
0.01000000 0.01000000 0.00138682 61
0.01010000 0.01010000 0.00147010 61
0.01020000 0.01020000 0.00156110 63
0.01030000 0.01030000 0.00165983 62
0.01040000 0.01040000 0.00176785 62
0.01050000 0.01050000 0.00192946 61
0.01060000 0.01060000 0.00216483 61
0.01070000 0.01070000 0.00274870 62

choose = 9
0.00010000 0.00010000 0.00024929 92
0.00020000 0.00020000 0.00023391 262
0.00030000 0.00030000 0.00022059 135
0.00040000 0.00040000 0.00020997 175
0.00050000 0.00050000 0.00020094 174
0.00060000 0.00060000 0.00019355 232
0.00070000 0.00070000 0.00018811 269
0.00080000 0.00080000 0.00018199 321
0.00090000 0.00090000 0.00017691 392
0.00100000 0.00100000 0.00017140 582
0.00110000 0.00110000 0.00016720 839
0.00120000 0.00120000 0.00016438 1236
0.00130000 0.00130000 0.00015983 2105
0.00140000 0.00140000 0.00015664 2650
0.00150000 0.00150000 0.00015316 2391
0.00160000 0.00160000 0.00015007 3821
0.00170000 0.00170000 0.00014714 6048
0.00180000 0.00180000 0.00014430 5623
0.00190000 0.00190000 0.00014209 6752
0.00200000 0.00200000 0.00013962 6462
0.00210000 0.00210000 0.00013813 5264
0.00220000 0.00220000 0.00013867 9815
0.00230000 0.00230000 0.00013925 15341
0.00240000 0.00240000 0.00013888 18941
0.00250000 0.00250000 0.00013944 17584
0.00260000 0.00260000 0.00014109 28420
0.00270000 0.00270000 0.00014229 40778
0.00280000 0.00280000 0.00014344 43238
0.00290000 0.00290000 0.00014482 52138
0.00300000 0.00300000 0.00014667 74639
0.00310000 0.00310000 0.00014790 47085
0.00320000 0.00320000 0.00014981 61732
0.00330000 0.00330000 0.00015240 56273
0.00340000 0.00340000 0.00015472 43804
0.00350000 0.00350000 0.00015697 50448
0.00360000 0.00360000 0.00015980 37426
0.00370000 0.00370000 0.00016323 46305
0.00380000 0.00380000 0.00016674 40543
0.00390000 0.00390000 0.00017070 34460
0.00400000 0.00400000 0.00017458 27541
0.00410000 0.00410000 0.00017851 20778
0.00420000 0.00420000 0.00018294 19485
0.00430000 0.00430000 0.00018775 23753
0.00440000 0.00440000 0.00019241 26376
0.00450000 0.00450000 0.00019726 15358
0.00460000 0.00460000 0.00020246 12249
0.00470000 0.00470000 0.00020747 9508
0.00480000 0.00480000 0.00021276 8195
0.00490000 0.00490000 0.00021835 6715
0.00500000 0.00500000 0.00022437 6351
0.00510000 0.00510000 0.00023080 5572
0.00520000 0.00520000 0.00023754 4366
0.00530000 0.00530000 0.00024375 2792
0.00540000 0.00540000 0.00025060 2944
0.00550000 0.00550000 0.00025770 2399
0.00560000 0.00560000 0.00026442 2167
0.00570000 0.00570000 0.00027185 1137
0.00580000 0.00580000 0.00027997 836
0.00590000 0.00590000 0.00028880 660
0.00600000 0.00600000 0.00029816 721
0.00610000 0.00610000 0.00030709 643
0.00620000 0.00620000 0.00031677 594
0.00630000 0.00630000 0.00032719 504
0.00640000 0.00640000 0.00033773 380
0.00650000 0.00650000 0.00034854 345
0.00660000 0.00660000 0.00035960 335
0.00670000 0.00670000 0.00037139 279
0.00680000 0.00680000 0.00038364 239
0.00690000 0.00690000 0.00039637 181
0.00700000 0.00700000 0.00040991 182
0.00710000 0.00710000 0.00042427 202
0.00720000 0.00720000 0.00043944 166
0.00730000 0.00730000 0.00045544 157
0.00740000 0.00740000 0.00047224 123
0.00750000 0.00750000 0.00048987 132
0.00760000 0.00760000 0.00050811 149
0.00770000 0.00770000 0.00052702 154
0.00780000 0.00780000 0.00054695 118
0.00790000 0.00790000 0.00056791 92
0.00800000 0.00800000 0.00058983 82
0.00810000 0.00810000 0.00061282 83
0.00820000 0.00820000 0.00063691 75
0.00830000 0.00830000 0.00066211 85
0.00840000 0.00840000 0.00068845 61
0.00850000 0.00850000 0.00071628 61
0.00860000 0.00860000 0.00074573 61
0.00870000 0.00870000 0.00077678 61
0.00880000 0.00880000 0.00080945 62
0.00890000 0.00890000 0.00084372 61
0.00900000 0.00900000 0.00087961 61
0.00910000 0.00910000 0.00091711 62
0.00920000 0.00920000 0.00095622 62
0.00930000 0.00930000 0.00099694 62
0.00940000 0.00940000 0.00103929 61
0.00950000 0.00950000 0.00108382 60
0.00960000 0.00960000 0.00113092 62
0.00970000 0.00970000 0.00118331 61
0.00980000 0.00980000 0.00124343 61
0.00990000 0.00990000 0.00131126 62
0.01000000 0.01000000 0.00138682 61
0.01010000 0.01010000 0.00147010 61
0.01020000 0.01020000 0.00156110 61
0.01030000 0.01030000 0.00165983 62
0.01040000 0.01040000 0.00176785 62
0.01050000 0.01050000 0.00192946 63
0.01060000 0.01060000 0.00216483 60
0.01070000 0.01070000 0.00274870 61

choose = 10
0.00010000 0.00010000 0.00024890 140
0.00020000 0.00020000 0.00023298 285
0.00030000 0.00030000 0.00021961 176
0.00040000 0.00040000 0.00020849 186
0.00050000 0.00050000 0.00019883 257
0.00060000 0.00060000 0.00019088 370
0.00070000 0.00070000 0.00018319 341
0.00080000 0.00080000 0.00017685 508
0.00090000 0.00090000 0.00017186 574
0.00100000 0.00100000 0.00016794 1078
0.00110000 0.00110000 0.00016317 1222
0.00120000 0.00120000 0.00015933 1855
0.00130000 0.00130000 0.00015615 4668
0.00140000 0.00140000 0.00015204 5257
0.00150000 0.00150000 0.00014857 7072
0.00160000 0.00160000 0.00014640 10704
0.00170000 0.00170000 0.00014355 13268
0.00180000 0.00180000 0.00014077 20665
0.00190000 0.00190000 0.00013883 17463
0.00200000 0.00200000 0.00013664 14179
0.00210000 0.00210000 0.00013505 18962
0.00220000 0.00220000 0.00013464 24994
0.00230000 0.00230000 0.00013498 42765
0.00240000 0.00240000 0.00013566 37138
0.00250000 0.00250000 0.00013627 20368
0.00260000 0.00260000 0.00013707 25541
0.00270000 0.00270000 0.00013821 41008
0.00280000 0.00280000 0.00013967 30478
0.00290000 0.00290000 0.00014075 39918
0.00300000 0.00300000 0.00014237 39448
0.00310000 0.00310000 0.00014417 40924
0.00320000 0.00320000 0.00014587 48117
0.00330000 0.00330000 0.00014758 31447
0.00340000 0.00340000 0.00014979 21104
0.00350000 0.00350000 0.00015185 23497
0.00360000 0.00360000 0.00015452 20942
0.00370000 0.00370000 0.00015779 16478
0.00380000 0.00380000 0.00016165 20118
0.00390000 0.00390000 0.00016554 19601
0.00400000 0.00400000 0.00016925 16986
0.00410000 0.00410000 0.00017313 13419
0.00420000 0.00420000 0.00017752 13296
0.00430000 0.00430000 0.00018240 16799
0.00440000 0.00440000 0.00018716 15092
0.00450000 0.00450000 0.00019206 9756
0.00460000 0.00460000 0.00019712 7967
0.00470000 0.00470000 0.00020217 6877
0.00480000 0.00480000 0.00020766 5943
0.00490000 0.00490000 0.00021349 5889
0.00500000 0.00500000 0.00021971 5142
0.00510000 0.00510000 0.00022620 5014
0.00520000 0.00520000 0.00023260 4033
0.00530000 0.00530000 0.00023905 2879
0.00540000 0.00540000 0.00024532 2690
0.00550000 0.00550000 0.00025223 1093
0.00560000 0.00560000 0.00025977 2404
0.00570000 0.00570000 0.00026761 1078
0.00580000 0.00580000 0.00027563 629
0.00590000 0.00590000 0.00028435 554
0.00600000 0.00600000 0.00029371 569
0.00610000 0.00610000 0.00030263 470
0.00620000 0.00620000 0.00031231 409
0.00630000 0.00630000 0.00032274 396
0.00640000 0.00640000 0.00033310 338
0.00650000 0.00650000 0.00034379 301
0.00660000 0.00660000 0.00035504 302
0.00670000 0.00670000 0.00036704 222
0.00680000 0.00680000 0.00037977 229
0.00690000 0.00690000 0.00039323 151
0.00700000 0.00700000 0.00040744 151
0.00710000 0.00710000 0.00042238 151
0.00720000 0.00720000 0.00043778 193
0.00730000 0.00730000 0.00045396 163
0.00740000 0.00740000 0.00047094 132
0.00750000 0.00750000 0.00048870 120
0.00760000 0.00760000 0.00050691 153
0.00770000 0.00770000 0.00052611 101
0.00780000 0.00780000 0.00054629 109
0.00790000 0.00790000 0.00056747 87
0.00800000 0.00800000 0.00058963 85
0.00810000 0.00810000 0.00061277 85
0.00820000 0.00820000 0.00063691 92
0.00830000 0.00830000 0.00066211 86
0.00840000 0.00840000 0.00068845 61
0.00850000 0.00850000 0.00071628 61
0.00860000 0.00860000 0.00074573 62
0.00870000 0.00870000 0.00077678 62
0.00880000 0.00880000 0.00080945 61
0.00890000 0.00890000 0.00084372 63
0.00900000 0.00900000 0.00087961 61
0.00910000 0.00910000 0.00091711 62
0.00920000 0.00920000 0.00095622 61
0.00930000 0.00930000 0.00099694 61
0.00940000 0.00940000 0.00103929 61
0.00950000 0.00950000 0.00108382 61
0.00960000 0.00960000 0.00113092 62
0.00970000 0.00970000 0.00118331 61
0.00980000 0.00980000 0.00124343 87
0.00990000 0.00990000 0.00131126 65
0.01000000 0.01000000 0.00138682 65
0.01010000 0.01010000 0.00147010 61
0.01020000 0.01020000 0.00156110 62
0.01030000 0.01030000 0.00165983 62
0.01040000 0.01040000 0.00176785 70
0.01050000 0.01050000 0.00192946 65
0.01060000 0.01060000 0.00216483 61
0.01070000 0.01070000 0.00274870 60

