choose = 2
0.00010000 0.00010000 0.00044923 181
0.00020000 0.00020000 0.00043578 203
0.00030000 0.00030000 0.00042447 186
0.00040000 0.00040000 0.00041528 183
0.00050000 0.00050000 0.00040821 187
0.00060000 0.00060002 0.00040327 219
0.00070000 0.00070000 0.00038788 182
0.00080000 0.00080000 0.00037324 199
0.00090000 0.00090000 0.00036538 226
0.00100000 0.00100000 0.00033568 205
0.00110000 0.00110008 0.00031165 201
0.00120000 0.00120000 0.00030994 215
0.00130000 0.00130000 0.00033710 305
0.00140000 0.00140000 0.00034963 266
0.00150000 0.00150000 0.00036724 284
0.00160000 0.00160000 0.00035090 239
0.00170000 0.00170000 0.00030977 224
0.00180000 0.00180001 0.00028270 210
0.00190000 0.00190000 0.00027629 282
0.00200000 0.00200000 0.00029055 267
0.00210000 0.00210000 0.00030417 288
0.00220000 0.00219989 0.00031386 279
0.00230000 0.00230000 0.00031770 293
0.00240000 0.00240000 0.00031957 273
0.00250000 0.00250000 0.00032527 230
0.00260000 0.00259992 0.00033479 315
0.00270000 0.00270000 0.00034039 279
0.00280000 0.00280000 0.00033096 244
0.00290000 0.00290006 0.00032293 273
0.00300000 0.00300000 0.00032416 277
0.00310000 0.00310000 0.00033465 282
0.00320000 0.00320000 0.00034982 268
0.00330000 0.00330000 0.00036592 249
0.00340000 0.00340000 0.00036683 225
0.00350000 0.00350000 0.00036543 266
0.00360000 0.00360024 0.00036368 209
0.00370000 0.00370024 0.00036264 240
0.00380000 0.00380000 0.00036230 228
0.00390000 0.00390000 0.00036266 204
0.00400000 0.00400000 0.00036372 229
0.00410000 0.00410000 0.00036548 203
0.00420000 0.00420000 0.00036793 203
0.00430000 0.00430000 0.00037109 212
0.00440000 0.00439993 0.00037494 193
0.00450000 0.00449993 0.00037949 211
0.00460000 0.00460000 0.00038475 204
0.00470000 0.00469996 0.00039070 228
0.00480000 0.00479996 0.00039735 200
0.00490000 0.00489996 0.00040470 204
0.00500000 0.00499996 0.00041275 178
0.00510000 0.00509996 0.00042150 178
0.00520000 0.00519996 0.00043095 182
0.00530000 0.00529996 0.00044110 162
0.00540000 0.00540000 0.00045195 167
0.00550000 0.00550000 0.00046350 163
0.00560000 0.00560000 0.00047575 187
0.00570000 0.00570000 0.00048791 173
0.00580000 0.00580000 0.00050074 199
0.00590000 0.00590000 0.00050874 169
0.00600000 0.00600000 0.00051735 186
0.00610000 0.00610000 0.00052703 182
0.00620000 0.00620000 0.00053778 175
0.00630000 0.00630000 0.00054959 153
0.00640000 0.00640000 0.00056248 153
0.00650000 0.00650000 0.00057643 171
0.00660000 0.00660000 0.00059146 177
0.00670000 0.00670000 0.00060755 166
0.00680000 0.00680000 0.00062471 147
0.00690000 0.00690000 0.00064293 134
0.00700000 0.00700000 0.00066223 141
0.00710000 0.00710000 0.00068260 155
0.00720000 0.00720000 0.00070403 141
0.00730000 0.00730000 0.00072654 136
0.00740000 0.00740000 0.00074932 126
0.00750000 0.00750000 0.00077092 135
0.00760000 0.00759960 0.00079079 131
0.00770000 0.00769958 0.00081240 109
0.00780000 0.00780000 0.00083577 136
0.00790000 0.00790000 0.00086071 148
0.00800000 0.00800000 0.00087537 148
0.00810000 0.00810000 0.00087202 70
0.00820000 0.00820000 0.00087465 66
0.00830000 0.00830000 0.00088326 64
0.00840000 0.00840000 0.00089784 62
0.00850000 0.00850000 0.00091840 61
0.00860000 0.00860000 0.00094493 62
0.00870000 0.00870000 0.00097744 61
0.00880000 0.00880000 0.00098874 62
0.00890000 0.00890000 0.00091679 61
0.00900000 0.00900000 0.00088502 57
0.00910000 0.00910000 0.00089344 67
0.00920000 0.00920000 0.00094205 59
0.00930000 0.00930000 0.00103084 93
0.00940000 0.00940000 0.00115983 61
0.00950000 0.00950000 0.00116284 63
0.00960000 0.00960000 0.00117223 60
0.00970000 0.00970000 0.00119168 55
0.00980000 0.00980000 0.00122120 56
0.00990000 0.00990000 0.00114510 52
0.01000000 0.01000000 0.00107456 49
0.01010000 0.01010000 0.00103456 49
0.01020000 0.01020000 0.00102510 49
0.01030000 0.01030000 0.00104617 48
0.01040000 0.01040000 0.00109778 47
0.01050000 0.01050000 0.00117992 44
0.01060000 0.01060000 0.00129260 46
0.01070000 0.01070000 0.00143582 46
0.01080000 0.01080000 0.00160957 45
0.01090000 0.01090000 0.00181386 45
0.01100000 0.01100000 0.00204868 46
0.01110000 0.01110000 0.00231404 45
0.01120000 0.01120000 0.00260994 45

choose = 3
0.00010000 0.00010000 0.00033391 220
0.00020000 0.00020000 0.00032304 287
0.00030000 0.00030000 0.00031426 262
0.00040000 0.00040000 0.00030758 251
0.00050000 0.00050000 0.00030300 310
0.00060000 0.00060000 0.00030051 275
0.00070000 0.00070000 0.00029219 366
0.00080000 0.00080000 0.00028640 378
0.00090000 0.00090000 0.00027251 431
0.00100000 0.00100000 0.00026298 370
0.00110000 0.00110000 0.00026740 360
0.00120000 0.00120000 0.00027271 410
0.00130000 0.00130000 0.00025596 400
0.00140000 0.00140000 0.00024296 439
0.00150000 0.00150000 0.00023594 417
0.00160000 0.00160000 0.00023489 401
0.00170000 0.00170000 0.00023983 445
0.00180000 0.00180000 0.00024617 459
0.00190000 0.00190000 0.00024782 599
0.00200000 0.00200000 0.00024476 535
0.00210000 0.00210000 0.00023557 445
0.00220000 0.00220000 0.00022768 448
0.00230000 0.00230000 0.00022360 384
0.00240000 0.00240000 0.00022332 368
0.00250000 0.00250000 0.00022686 344
0.00260000 0.00260000 0.00023421 365
0.00270000 0.00270000 0.00024536 457
0.00280000 0.00280000 0.00024488 380
0.00290000 0.00290000 0.00024446 394
0.00300000 0.00300000 0.00024460 365
0.00310000 0.00310000 0.00024530 361
0.00320000 0.00320000 0.00024656 389
0.00330000 0.00330000 0.00024839 307
0.00340000 0.00340000 0.00025078 319
0.00350000 0.00350000 0.00025373 344
0.00360000 0.00360000 0.00025724 282
0.00370000 0.00370000 0.00026131 289
0.00380000 0.00380000 0.00026595 331
0.00390000 0.00390000 0.00027115 321
0.00400000 0.00400000 0.00027691 280
0.00410000 0.00410000 0.00028323 255
0.00420000 0.00420000 0.00029011 300
0.00430000 0.00430000 0.00029364 297
0.00440000 0.00440000 0.00029714 335
0.00450000 0.00450000 0.00030137 286
0.00460000 0.00460000 0.00030634 304
0.00470000 0.00470000 0.00031205 235
0.00480000 0.00480000 0.00031849 271
0.00490000 0.00490000 0.00032568 237
0.00500000 0.00500000 0.00033360 191
0.00510000 0.00510000 0.00034225 230
0.00520000 0.00520000 0.00035148 219
0.00530000 0.00530000 0.00035357 196
0.00540000 0.00540000 0.00035612 225
0.00550000 0.00550000 0.00035913 212
0.00560000 0.00560000 0.00036259 191
0.00570000 0.00570000 0.00036652 222
0.00580000 0.00580000 0.00037091 191
0.00590000 0.00590000 0.00037575 173
0.00600000 0.00600000 0.00038106 203
0.00610000 0.00610000 0.00038683 177
0.00620000 0.00620000 0.00039305 166
0.00630000 0.00630000 0.00039974 166
0.00640000 0.00640000 0.00040688 172
0.00650000 0.00650000 0.00041449 173
0.00660000 0.00660000 0.00042255 175
0.00670000 0.00670000 0.00043108 169
0.00680000 0.00680000 0.00044006 142
0.00690000 0.00690000 0.00044950 166
0.00700000 0.00700000 0.00045941 162
0.00710000 0.00710000 0.00046977 153
0.00720000 0.00720000 0.00048059 168
0.00730000 0.00730000 0.00049188 162
0.00740000 0.00740000 0.00050362 157
0.00750000 0.00750000 0.00051582 156
0.00760000 0.00760000 0.00052848 165
0.00770000 0.00770000 0.00054161 132
0.00780000 0.00780000 0.00055519 146
0.00790000 0.00790000 0.00056923 163
0.00800000 0.00800000 0.00058373 152
0.00810000 0.00810000 0.00059869 150
0.00820000 0.00820000 0.00061289 155
0.00830000 0.00830000 0.00062441 146
0.00840000 0.00840000 0.00063580 125
0.00850000 0.00850000 0.00065316 141
0.00860000 0.00860000 0.00067150 139
0.00870000 0.00870000 0.00068790 124
0.00880000 0.00880000 0.00070456 123
0.00890000 0.00890000 0.00070540 90
0.00900000 0.00900000 0.00070936 74
0.00910000 0.00910000 0.00071644 68
0.00920000 0.00920000 0.00072663 65
0.00930000 0.00930000 0.00073994 71
0.00940000 0.00940000 0.00072266 63
0.00950000 0.00950000 0.00071426 58
0.00960000 0.00960000 0.00071585 55
0.00970000 0.00970000 0.00072743 55
0.00980000 0.00980000 0.00074901 51
0.00990000 0.00990000 0.00078058 51
0.01000000 0.01000000 0.00082215 45
0.01010000 0.01010000 0.00087371 44
0.01020000 0.01020000 0.00093527 45
0.01030000 0.01030000 0.00100682 45
0.01040000 0.01040000 0.00108836 45
0.01050000 0.01050000 0.00117992 45
0.01060000 0.01059965 0.00129215 45
0.01070000 0.01069967 0.00143530 45
0.01080000 0.01079964 0.00160889 45
0.01090000 0.01089967 0.00181313 45
0.01100000 0.01099965 0.00204779 45
0.01110000 0.01110000 0.00231404 45
0.01120000 0.01120000 0.00260994 44

choose = 4
0.00010000 0.00010000 0.00029018 412
0.00020000 0.00020000 0.00028306 435
0.00030000 0.00030000 0.00027364 423
0.00040000 0.00040000 0.00026531 490
0.00050000 0.00050000 0.00025905 511
0.00060000 0.00060000 0.00025485 550
0.00070000 0.00070000 0.00025271 498
0.00080000 0.00080000 0.00024784 621
0.00090000 0.00090000 0.00024264 1108
0.00100000 0.00100000 0.00023595 1181
0.00110000 0.00110000 0.00023308 601
0.00120000 0.00120000 0.00022424 638
0.00130000 0.00130000 0.00021718 593
0.00140000 0.00140000 0.00021404 616
0.00150000 0.00150000 0.00021173 652
0.00160000 0.00160000 0.00021498 633
0.00170000 0.00170000 0.00021331 640
0.00180000 0.00180000 0.00020752 613
0.00190000 0.00190000 0.00020318 586
0.00200000 0.00200000 0.00020098 527
0.00210000 0.00210000 0.00020090 538
0.00220000 0.00220000 0.00020252 620
0.00230000 0.00230000 0.00020372 600
0.00240000 0.00240000 0.00020507 559
0.00250000 0.00250000 0.00020399 574
0.00260000 0.00260000 0.00020438 555
0.00270000 0.00270000 0.00020494 602
0.00280000 0.00280000 0.00020575 495
0.00290000 0.00290000 0.00020716 531
0.00300000 0.00300000 0.00020847 520
0.00310000 0.00310000 0.00020862 470
0.00320000 0.00320000 0.00020932 428
0.00330000 0.00330000 0.00021058 452
0.00340000 0.00340000 0.00021240 395
0.00350000 0.00350000 0.00021478 413
0.00360000 0.00360000 0.00021771 401
0.00370000 0.00370000 0.00022121 407
0.00380000 0.00380000 0.00022525 429
0.00390000 0.00390000 0.00022986 410
0.00400000 0.00400000 0.00023503 469
0.00410000 0.00410000 0.00024075 435
0.00420000 0.00420000 0.00024703 435
0.00430000 0.00430000 0.00025375 480
0.00440000 0.00440000 0.00025745 464
0.00450000 0.00450000 0.00026102 406
0.00460000 0.00460000 0.00026489 436
0.00470000 0.00470000 0.00026909 369
0.00480000 0.00480000 0.00027359 381
0.00490000 0.00490000 0.00027841 350
0.00500000 0.00500000 0.00028355 330
0.00510000 0.00510000 0.00028900 349
0.00520000 0.00520000 0.00029476 326
0.00530000 0.00530000 0.00030058 345
0.00540000 0.00540000 0.00030508 353
0.00550000 0.00550000 0.00031001 323
0.00560000 0.00560000 0.00031537 309
0.00570000 0.00570000 0.00032114 344
0.00580000 0.00580000 0.00032530 343
0.00590000 0.00590000 0.00032933 243
0.00600000 0.00600000 0.00033381 222
0.00610000 0.00610000 0.00033875 219
0.00620000 0.00620000 0.00034414 255
0.00630000 0.00630000 0.00034998 243
0.00640000 0.00640000 0.00035628 237
0.00650000 0.00650000 0.00036302 243
0.00660000 0.00660000 0.00037022 219
0.00670000 0.00670000 0.00037787 230
0.00680000 0.00680000 0.00038422 196
0.00690000 0.00690000 0.00039069 225
0.00700000 0.00700000 0.00039755 206
0.00710000 0.00710000 0.00040479 208
0.00720000 0.00720000 0.00041241 172
0.00730000 0.00730000 0.00042042 183
0.00740000 0.00740000 0.00042881 174
0.00750000 0.00750000 0.00043758 191
0.00760000 0.00760000 0.00044610 190
0.00770000 0.00770000 0.00045285 168
0.00780000 0.00780000 0.00046026 158
0.00790000 0.00790000 0.00046833 167
0.00800000 0.00800000 0.00047707 169
0.00810000 0.00810000 0.00048646 166
0.00820000 0.00820000 0.00049652 136
0.00830000 0.00830000 0.00050723 142
0.00840000 0.00840000 0.00051861 130
0.00850000 0.00850000 0.00053065 157
0.00860000 0.00860000 0.00054335 102
0.00870000 0.00870000 0.00054430 71
0.00880000 0.00880000 0.00054732 66
0.00890000 0.00890000 0.00055337 68
0.00900000 0.00900000 0.00056245 56
0.00910000 0.00910000 0.00057455 60
0.00920000 0.00920000 0.00058969 54
0.00930000 0.00930000 0.00060786 53
0.00940000 0.00940000 0.00062905 55
0.00950000 0.00950000 0.00065328 52
0.00960000 0.00960000 0.00068053 57
0.00970000 0.00970000 0.00071081 52
0.00980000 0.00980000 0.00074412 50
0.00990000 0.00990000 0.00078047 50
0.01000000 0.01000000 0.00082215 50
0.01010000 0.01010000 0.00087371 49
0.01020000 0.01020000 0.00093527 50
0.01030000 0.01030000 0.00100682 49
0.01040000 0.01040000 0.00108836 49
0.01050000 0.01050000 0.00117992 45
0.01060000 0.01060000 0.00129260 45
0.01070000 0.01070000 0.00143582 45
0.01080000 0.01080000 0.00160957 46
0.01090000 0.01090000 0.00181386 47
0.01100000 0.01100000 0.00204868 46
0.01110000 0.01109963 0.00231301 46
0.01120000 0.01120000 0.00260994 46

choose = 5
0.00010000 0.00010000 0.00026256 396
0.00020000 0.00020000 0.00025583 549
0.00030000 0.00030000 0.00024871 461
0.00040000 0.00040000 0.00024345 570
0.00050000 0.00050000 0.00023965 564
0.00060000 0.00060000 0.00023434 1082
0.00070000 0.00070000 0.00022974 609
0.00080000 0.00080000 0.00022309 1113
0.00090000 0.00090000 0.00021768 1130
0.00100000 0.00100000 0.00021351 1263
0.00110000 0.00110000 0.00021057 678
0.00120000 0.00120000 0.00020672 1310
0.00130000 0.00130000 0.00020109 751
0.00140000 0.00140000 0.00019978 1262
0.00150000 0.00150000 0.00019918 1210
0.00160000 0.00160000 0.00019417 684
0.00170000 0.00170000 0.00018993 565
0.00180000 0.00180000 0.00018659 521
0.00190000 0.00190000 0.00018510 621
0.00200000 0.00200000 0.00018546 657
0.00210000 0.00210000 0.00018767 701
0.00220000 0.00220000 0.00018843 1238
0.00230000 0.00230000 0.00018832 711
0.00240000 0.00240000 0.00018764 659
0.00250000 0.00250000 0.00018794 667
0.00260000 0.00260000 0.00018909 617
0.00270000 0.00270000 0.00019004 794
0.00280000 0.00280000 0.00019064 659
0.00290000 0.00290000 0.00019162 647
0.00300000 0.00300000 0.00019336 557
0.00310000 0.00310000 0.00019378 566
0.00320000 0.00320000 0.00019437 538
0.00330000 0.00330000 0.00019440 483
0.00340000 0.00340000 0.00019463 424
0.00350000 0.00350000 0.00019535 430
0.00360000 0.00360000 0.00019655 509
0.00370000 0.00370000 0.00019824 471
0.00380000 0.00380000 0.00020040 434
0.00390000 0.00390000 0.00020306 457
0.00400000 0.00400000 0.00020619 456
0.00410000 0.00410000 0.00020981 409
0.00420000 0.00420000 0.00021391 376
0.00430000 0.00430000 0.00021850 446
0.00440000 0.00440000 0.00022357 454
0.00450000 0.00450000 0.00022912 437
0.00460000 0.00460000 0.00023516 387
0.00470000 0.00470000 0.00024131 469
0.00480000 0.00480000 0.00024609 468
0.00490000 0.00490000 0.00025004 437
0.00500000 0.00500000 0.00025420 397
0.00510000 0.00510000 0.00025795 394
0.00520000 0.00520000 0.00026209 384
0.00530000 0.00530000 0.00026662 321
0.00540000 0.00540000 0.00027154 316
0.00550000 0.00550000 0.00027643 395
0.00560000 0.00560000 0.00028042 322
0.00570000 0.00570000 0.00028485 290
0.00580000 0.00580000 0.00028970 272
0.00590000 0.00590000 0.00029499 331
0.00600000 0.00600000 0.00030071 313
0.00610000 0.00610000 0.00030685 301
0.00620000 0.00620000 0.00031327 254
0.00630000 0.00630000 0.00031696 209
0.00640000 0.00640000 0.00032103 220
0.00650000 0.00650000 0.00032547 227
0.00660000 0.00660000 0.00033030 213
0.00670000 0.00670000 0.00033550 183
0.00680000 0.00680000 0.00034109 159
0.00690000 0.00690000 0.00034706 175
0.00700000 0.00700000 0.00035340 153
0.00710000 0.00710000 0.00036013 165
0.00720000 0.00720000 0.00036723 151
0.00730000 0.00730000 0.00037472 141
0.00740000 0.00740000 0.00038258 150
0.00750000 0.00750000 0.00039079 125
0.00760000 0.00760000 0.00039721 153
0.00770000 0.00770000 0.00040428 145
0.00780000 0.00780000 0.00041201 164
0.00790000 0.00790000 0.00042041 132
0.00800000 0.00800000 0.00042946 157
0.00810000 0.00810000 0.00043918 129
0.00820000 0.00820000 0.00044955 118
0.00830000 0.00830000 0.00046059 119
0.00840000 0.00840000 0.00047228 145
0.00850000 0.00850000 0.00048454 117
0.00860000 0.00860000 0.00049691 80
0.00870000 0.00870000 0.00050879 69
0.00880000 0.00880000 0.00051961 64
0.00890000 0.00890000 0.00053250 55
0.00900000 0.00900000 0.00054744 55
0.00910000 0.00910000 0.00056445 55
0.00920000 0.00920000 0.00058352 52
0.00930000 0.00930000 0.00060466 54
0.00940000 0.00940000 0.00062786 57
0.00950000 0.00950000 0.00065312 56
0.00960000 0.00960000 0.00068053 45
0.00970000 0.00970000 0.00071081 49
0.00980000 0.00980000 0.00074412 54
0.00990000 0.00990000 0.00078047 54
0.01000000 0.01000000 0.00082215 46
0.01010000 0.01010000 0.00087371 48
0.01020000 0.01020000 0.00093527 52
0.01030000 0.01030000 0.00100682 46
0.01040000 0.01040000 0.00108836 51
0.01050000 0.01050000 0.00117992 46
0.01060000 0.01060000 0.00129260 46
0.01070000 0.01070000 0.00143582 47
0.01080000 0.01080000 0.00160957 49
0.01090000 0.01090000 0.00181386 46
0.01100000 0.01100000 0.00204868 45
0.01110000 0.01109963 0.00231301 46
0.01120000 0.01120000 0.00260994 46

choose = 6
0.00010000 0.00010000 0.00024508 411
0.00020000 0.00020000 0.00023992 453
0.00030000 0.00030000 0.00023570 519
0.00040000 0.00040000 0.00023025 515
0.00050000 0.00050000 0.00022529 1175
0.00060000 0.00060000 0.00021996 1265
0.00070000 0.00070098 0.00021519 1219
0.00080000 0.00080083 0.00021045 1382
0.00090000 0.00090000 0.00020640 1255
0.00100000 0.00100000 0.00020259 1342
0.00110000 0.00110000 0.00019984 1691
0.00120000 0.00120000 0.00019601 1516
0.00130000 0.00130000 0.00019192 895
0.00140000 0.00140081 0.00018847 1379
0.00150000 0.00150000 0.00018394 1183
0.00160000 0.00160000 0.00018040 568
0.00170000 0.00170000 0.00017791 540
0.00180000 0.00180000 0.00017700 568
0.00190000 0.00190000 0.00017658 868
0.00200000 0.00200000 0.00017572 1186
0.00210000 0.00210000 0.00017517 719
0.00220000 0.00220000 0.00017397 1245
0.00230000 0.00230000 0.00017369 604
0.00240000 0.00240000 0.00017433 602
0.00250000 0.00250000 0.00017590 791
0.00260000 0.00260000 0.00017746 711
0.00270000 0.00270000 0.00017811 1377
0.00280000 0.00280000 0.00017908 706
0.00290000 0.00290000 0.00017849 713
0.00300000 0.00300000 0.00017879 526
0.00310000 0.00310000 0.00017927 553
0.00320000 0.00320000 0.00018014 530
0.00330000 0.00330000 0.00018140 463
0.00340000 0.00340000 0.00018307 501
0.00350000 0.00350000 0.00018368 502
0.00360000 0.00360000 0.00018440 538
0.00370000 0.00370000 0.00018560 512
0.00380000 0.00380000 0.00018728 391
0.00390000 0.00390000 0.00018942 360
0.00400000 0.00400000 0.00019205 410
0.00410000 0.00410000 0.00019514 352
0.00420000 0.00420000 0.00019790 377
0.00430000 0.00430000 0.00020034 346
0.00440000 0.00440000 0.00020314 360
0.00450000 0.00450000 0.00020628 320
0.00460000 0.00460000 0.00020977 341
0.00470000 0.00470000 0.00021361 357
0.00480000 0.00480000 0.00021780 358
0.00490000 0.00490000 0.00022234 292
0.00500000 0.00500000 0.00022723 299
0.00510000 0.00510000 0.00023247 348
0.00520000 0.00520000 0.00023806 339
0.00530000 0.00530000 0.00024399 380
0.00540000 0.00540000 0.00024944 314
0.00550000 0.00550000 0.00025381 353
0.00560000 0.00560000 0.00025817 349
0.00570000 0.00570000 0.00026277 342
0.00580000 0.00580000 0.00026588 270
0.00590000 0.00590000 0.00026929 269
0.00600000 0.00600000 0.00027305 234
0.00610000 0.00610000 0.00027717 235
0.00620000 0.00620000 0.00028165 193
0.00630000 0.00630000 0.00028649 209
0.00640000 0.00640000 0.00029169 179
0.00650000 0.00650000 0.00029724 204
0.00660000 0.00660000 0.00030315 181
0.00670000 0.00670000 0.00030943 158
0.00680000 0.00680000 0.00031606 171
0.00690000 0.00690000 0.00032305 166
0.00700000 0.00700000 0.00033039 172
0.00710000 0.00710000 0.00033693 133
0.00720000 0.00720000 0.00034357 162
0.00730000 0.00730000 0.00035074 149
0.00740000 0.00740000 0.00035845 115
0.00750000 0.00750000 0.00036670 111
0.00760000 0.00760000 0.00037549 114
0.00770000 0.00770000 0.00038481 150
0.00780000 0.00780000 0.00039467 137
0.00790000 0.00790000 0.00040506 111
0.00800000 0.00800000 0.00041600 112
0.00810000 0.00810000 0.00042591 106
0.00820000 0.00820000 0.00043610 73
0.00830000 0.00830000 0.00044709 95
0.00840000 0.00840000 0.00045891 73
0.00850000 0.00850000 0.00047153 54
0.00860000 0.00860000 0.00048498 56
0.00870000 0.00870000 0.00049924 53
0.00880000 0.00880000 0.00051432 57
0.00890000 0.00890000 0.00053021 53
0.00900000 0.00900000 0.00054692 54
0.00910000 0.00910000 0.00056445 52
0.00920000 0.00920000 0.00058352 49
0.00930000 0.00930000 0.00060466 60
0.00940000 0.00940000 0.00062786 56
0.00950000 0.00950000 0.00065312 51
0.00960000 0.00960000 0.00068053 49
0.00970000 0.00970000 0.00071081 49
0.00980000 0.00980000 0.00074412 48
0.00990000 0.00990000 0.00078047 48
0.01000000 0.01000000 0.00082215 51
0.01010000 0.01010000 0.00087371 50
0.01020000 0.01020000 0.00093527 50
0.01030000 0.01030000 0.00100682 49
0.01040000 0.01040000 0.00108836 47
0.01050000 0.01050000 0.00117992 50
0.01060000 0.01060000 0.00129260 48
0.01070000 0.01070000 0.00143582 46
0.01080000 0.01080000 0.00160957 46
0.01090000 0.01090000 0.00181386 46
0.01100000 0.01100000 0.00204868 46
0.01110000 0.01110000 0.00231404 48
0.01120000 0.01120000 0.00260994 46

choose = 7
0.00010000 0.00010000 0.00023414 443
0.00020000 0.00020000 0.00022879 589
0.00030000 0.00030000 0.00022447 590
0.00040000 0.00040000 0.00022022 1079
0.00050000 0.00050000 0.00021477 1175
0.00060000 0.00060000 0.00021047 1626
0.00070000 0.00070000 0.00020597 1615
0.00080000 0.00080000 0.00020067 1552
0.00090000 0.00090000 0.00019676 1630
0.00100000 0.00100000 0.00019353 1981
0.00110000 0.00110000 0.00018906 1862
0.00120000 0.00120000 0.00018532 1802
0.00130000 0.00130000 0.00018231 958
0.00140000 0.00140000 0.00017886 1473
0.00150000 0.00150000 0.00017558 1371
0.00160000 0.00160000 0.00017360 653
0.00170000 0.00170000 0.00017068 603
0.00180000 0.00180000 0.00016860 625
0.00190000 0.00190000 0.00016755 764
0.00200000 0.00200000 0.00016687 940
0.00210000 0.00210000 0.00016679 713
0.00220000 0.00220000 0.00016587 1370
0.00230000 0.00230000 0.00016588 687
0.00240000 0.00240000 0.00016680 758
0.00250000 0.00250000 0.00016727 668
0.00260000 0.00260000 0.00016760 688
0.00270000 0.00270000 0.00016790 1209
0.00280000 0.00280000 0.00016803 622
0.00290000 0.00290000 0.00016853 579
0.00300000 0.00300000 0.00016939 606
0.00310000 0.00310000 0.00016989 556
0.00320000 0.00320000 0.00017030 430
0.00330000 0.00330000 0.00017110 455
0.00340000 0.00340000 0.00017230 495
0.00350000 0.00350000 0.00017286 504
0.00360000 0.00360000 0.00017388 471
0.00370000 0.00370000 0.00017537 558
0.00380000 0.00380000 0.00017733 397
0.00390000 0.00390000 0.00017976 414
0.00400000 0.00400000 0.00018255 360
0.00410000 0.00410000 0.00018443 398
0.00420000 0.00420000 0.00018667 305
0.00430000 0.00430000 0.00018925 386
0.00440000 0.00440000 0.00019218 310
0.00450000 0.00450000 0.00019546 324
0.00460000 0.00460000 0.00019909 276
0.00470000 0.00470000 0.00020306 341
0.00480000 0.00480000 0.00020604 344
0.00490000 0.00490000 0.00020898 287
0.00500000 0.00500000 0.00021217 271
0.00510000 0.00510000 0.00021561 265
0.00520000 0.00520000 0.00021930 295
0.00530000 0.00530000 0.00022323 223
0.00540000 0.00540000 0.00022741 286
0.00550000 0.00550000 0.00023183 239
0.00560000 0.00560000 0.00023651 259
0.00570000 0.00570000 0.00024143 220
0.00580000 0.00580000 0.00024660 279
0.00590000 0.00590000 0.00025084 196
0.00600000 0.00600000 0.00025521 196
0.00610000 0.00610000 0.00025993 167
0.00620000 0.00620000 0.00026500 185
0.00630000 0.00630000 0.00027041 191
0.00640000 0.00640000 0.00027617 172
0.00650000 0.00650000 0.00028228 203
0.00660000 0.00660000 0.00028874 143
0.00670000 0.00670000 0.00029555 159
0.00680000 0.00680000 0.00030271 178
0.00690000 0.00690000 0.00031021 180
0.00700000 0.00700000 0.00031806 187
0.00710000 0.00710000 0.00032626 139
0.00720000 0.00720000 0.00033378 186
0.00730000 0.00730000 0.00034130 140
0.00740000 0.00740000 0.00034933 120
0.00750000 0.00750000 0.00035780 106
0.00760000 0.00760000 0.00036662 87
0.00770000 0.00770000 0.00037597 90
0.00780000 0.00780000 0.00038586 109
0.00790000 0.00790000 0.00039629 66
0.00800000 0.00800000 0.00040725 75
0.00810000 0.00810000 0.00041876 63
0.00820000 0.00820000 0.00043079 66
0.00830000 0.00830000 0.00044337 74
0.00840000 0.00840000 0.00045649 59
0.00850000 0.00850000 0.00047014 66
0.00860000 0.00860000 0.00048433 63
0.00870000 0.00870000 0.00049905 59
0.00880000 0.00880000 0.00051431 63
0.00890000 0.00890000 0.00053021 60
0.00900000 0.00900000 0.00054692 48
0.00910000 0.00910000 0.00056445 55
0.00920000 0.00920000 0.00058352 55
0.00930000 0.00930000 0.00060466 56
0.00940000 0.00940000 0.00062786 52
0.00950000 0.00950000 0.00065312 49
0.00960000 0.00960000 0.00068053 50
0.00970000 0.00970000 0.00071081 61
0.00980000 0.00980000 0.00074412 51
0.00990000 0.00990000 0.00078047 51
0.01000000 0.01000000 0.00082215 47
0.01010000 0.01010000 0.00087371 48
0.01020000 0.01020000 0.00093527 48
0.01030000 0.01030000 0.00100682 55
0.01040000 0.01040000 0.00108836 52
0.01050000 0.01050000 0.00117992 49
0.01060000 0.01060000 0.00129260 48
0.01070000 0.01070000 0.00143582 49
0.01080000 0.01080000 0.00160957 48
0.01090000 0.01090000 0.00181386 52
0.01100000 0.01100000 0.00204868 50
0.01110000 0.01110000 0.00231404 50
0.01120000 0.01120000 0.00260994 51

choose = 8
0.00010000 0.00010000 0.00022493 361
0.00020000 0.00020000 0.00022035 442
0.00030000 0.00030000 0.00021616 647
0.00040000 0.00040000 0.00021125 959
0.00050000 0.00050000 0.00020619 1107
0.00060000 0.00060000 0.00020194 1197
0.00070000 0.00070000 0.00019757 1363
0.00080000 0.00080000 0.00019338 1662
0.00090000 0.00090000 0.00018855 1687
0.00100000 0.00100000 0.00018524 1712
0.00110000 0.00110000 0.00018258 1521
0.00120000 0.00120000 0.00017877 2040
0.00130000 0.00130000 0.00017573 1733
0.00140000 0.00140000 0.00017277 1359
0.00150000 0.00150000 0.00017004 1304
0.00160000 0.00160000 0.00016709 591
0.00170000 0.00170000 0.00016421 455
0.00180000 0.00180000 0.00016213 432
0.00190000 0.00190000 0.00016154 590
0.00200000 0.00200000 0.00016167 1159
0.00210000 0.00210000 0.00016017 488
0.00220000 0.00220000 0.00015900 778
0.00230000 0.00230000 0.00015874 430
0.00240000 0.00240000 0.00015939 437
0.00250000 0.00250000 0.00016024 516
0.00260000 0.00260000 0.00016045 459
0.00270000 0.00270000 0.00016101 623
0.00280000 0.00280000 0.00016179 749
0.00290000 0.00290000 0.00016177 468
0.00300000 0.00300000 0.00016188 449
0.00310000 0.00310000 0.00016238 398
0.00320000 0.00320000 0.00016316 374
0.00330000 0.00330000 0.00016396 353
0.00340000 0.00340000 0.00016516 366
0.00350000 0.00350000 0.00016674 430
0.00360000 0.00360000 0.00016841 552
0.00370000 0.00370000 0.00017043 531
0.00380000 0.00380000 0.00017260 373
0.00390000 0.00390000 0.00017390 302
0.00400000 0.00400000 0.00017554 270
0.00410000 0.00410000 0.00017752 332
0.00420000 0.00420000 0.00017986 298
0.00430000 0.00430000 0.00018254 345
0.00440000 0.00440000 0.00018557 351
0.00450000 0.00450000 0.00018833 286
0.00460000 0.00460000 0.00019070 297
0.00470000 0.00470000 0.00019331 300
0.00480000 0.00480000 0.00019617 238
0.00490000 0.00490000 0.00019928 225
0.00500000 0.00500000 0.00020264 268
0.00510000 0.00510000 0.00020624 190
0.00520000 0.00520000 0.00021008 239
0.00530000 0.00530000 0.00021417 265
0.00540000 0.00540000 0.00021851 213
0.00550000 0.00550000 0.00022310 217
0.00560000 0.00560000 0.00022793 184
0.00570000 0.00570000 0.00023290 167
0.00580000 0.00580000 0.00023801 265
0.00590000 0.00590000 0.00024254 203
0.00600000 0.00600000 0.00024740 193
0.00610000 0.00610000 0.00025260 161
0.00620000 0.00620000 0.00025813 175
0.00630000 0.00630000 0.00026399 166
0.00640000 0.00640000 0.00027018 201
0.00650000 0.00650000 0.00027671 163
0.00660000 0.00660000 0.00028348 142
0.00670000 0.00670000 0.00029008 124
0.00680000 0.00680000 0.00029703 136
0.00690000 0.00690000 0.00030432 145
0.00700000 0.00700000 0.00031196 119
0.00710000 0.00710000 0.00031969 119
0.00720000 0.00720000 0.00032758 141
0.00730000 0.00730000 0.00033576 130
0.00740000 0.00740000 0.00034440 117
0.00750000 0.00750000 0.00035351 117
0.00760000 0.00760000 0.00036308 114
0.00770000 0.00770000 0.00037311 81
0.00780000 0.00780000 0.00038361 104
0.00790000 0.00790000 0.00039457 70
0.00800000 0.00800000 0.00040600 75
0.00810000 0.00810000 0.00041790 73
0.00820000 0.00820000 0.00043025 65
0.00830000 0.00830000 0.00044307 56
0.00840000 0.00840000 0.00045636 59
0.00850000 0.00850000 0.00047014 58
0.00860000 0.00860000 0.00048433 60
0.00870000 0.00870000 0.00049905 49
0.00880000 0.00880000 0.00051431 49
0.00890000 0.00890000 0.00053021 48
0.00900000 0.00900000 0.00054692 49
0.00910000 0.00910000 0.00056445 58
0.00920000 0.00920000 0.00058352 56
0.00930000 0.00930000 0.00060466 53
0.00940000 0.00940000 0.00062786 57
0.00950000 0.00950000 0.00065312 49
0.00960000 0.00960000 0.00068053 49
0.00970000 0.00970000 0.00071081 49
0.00980000 0.00980000 0.00074412 53
0.00990000 0.00990000 0.00078047 51
0.01000000 0.01000000 0.00082215 52
0.01010000 0.01010000 0.00087371 49
0.01020000 0.01020000 0.00093527 51
0.01030000 0.01030000 0.00100682 50
0.01040000 0.01040000 0.00108836 47
0.01050000 0.01050000 0.00117992 47
0.01060000 0.01060000 0.00129260 47
0.01070000 0.01070000 0.00143582 45
0.01080000 0.01080000 0.00160957 45
0.01090000 0.01090000 0.00181386 46
0.01100000 0.01100000 0.00204868 46
0.01110000 0.01110000 0.00231404 48
0.01120000 0.01120000 0.00260994 49

choose = 9
0.00010000 0.00010000 0.00021874 329
0.00020000 0.00020000 0.00021379 376
0.00030000 0.00030000 0.00020927 663
0.00040000 0.00040000 0.00020438 479
0.00050000 0.00050000 0.00020018 997
0.00060000 0.00060000 0.00019612 1221
0.00070000 0.00070000 0.00019108 609
0.00080000 0.00080000 0.00018653 1326
0.00090000 0.00090000 0.00018257 1256
0.00100000 0.00100000 0.00017919 1469
0.00110000 0.00110000 0.00017636 1527
0.00120000 0.00120000 0.00017274 1537
0.00130000 0.00130000 0.00016998 694
0.00140000 0.00140000 0.00016658 1137
0.00150000 0.00150000 0.00016390 1055
0.00160000 0.00160000 0.00016117 535
0.00170000 0.00170000 0.00015844 388
0.00180000 0.00180000 0.00015715 375
0.00190000 0.00190000 0.00015728 729
0.00200000 0.00200000 0.00015595 914
0.00210000 0.00210000 0.00015455 423
0.00220000 0.00220000 0.00015403 570
0.00230000 0.00230000 0.00015438 385
0.00240000 0.00240000 0.00015431 381
0.00250000 0.00250000 0.00015473 395
0.00260000 0.00260000 0.00015480 358
0.00270000 0.00270000 0.00015483 577
0.00280000 0.00280000 0.00015522 354
0.00290000 0.00290000 0.00015597 322
0.00300000 0.00300000 0.00015642 360
0.00310000 0.00310000 0.00015686 273
0.00320000 0.00320000 0.00015768 280
0.00330000 0.00330000 0.00015887 311
0.00340000 0.00340000 0.00016044 310
0.00350000 0.00350000 0.00016215 344
0.00360000 0.00360000 0.00016377 549
0.00370000 0.00370000 0.00016542 618
0.00380000 0.00380000 0.00016678 341
0.00390000 0.00390000 0.00016847 282
0.00400000 0.00400000 0.00017050 267
0.00410000 0.00410000 0.00017286 326
0.00420000 0.00420000 0.00017555 315
0.00430000 0.00430000 0.00017788 344
0.00440000 0.00440000 0.00017993 327
0.00450000 0.00450000 0.00018218 222
0.00460000 0.00460000 0.00018467 250
0.00470000 0.00470000 0.00018741 229
0.00480000 0.00480000 0.00019039 212
0.00490000 0.00490000 0.00019362 181
0.00500000 0.00500000 0.00019710 245
0.00510000 0.00510000 0.00020078 181
0.00520000 0.00520000 0.00020459 187
0.00530000 0.00530000 0.00020865 209
0.00540000 0.00540000 0.00021295 222
0.00550000 0.00550000 0.00021750 231
0.00560000 0.00560000 0.00022229 187
0.00570000 0.00570000 0.00022733 170
0.00580000 0.00580000 0.00023252 280
0.00590000 0.00590000 0.00023764 185
0.00600000 0.00600000 0.00024287 169
0.00610000 0.00610000 0.00024838 222
0.00620000 0.00620000 0.00025398 181
0.00630000 0.00630000 0.00025971 170
0.00640000 0.00640000 0.00026577 170
0.00650000 0.00650000 0.00027215 153
0.00660000 0.00660000 0.00027886 177
0.00670000 0.00670000 0.00028584 149
0.00680000 0.00680000 0.00029315 137
0.00690000 0.00690000 0.00030075 118
0.00700000 0.00700000 0.00030824 111
0.00710000 0.00710000 0.00031615 111
0.00720000 0.00720000 0.00032447 162
0.00730000 0.00730000 0.00033320 96
0.00740000 0.00740000 0.00034233 83
0.00750000 0.00750000 0.00035188 71
0.00760000 0.00760000 0.00036185 74
0.00770000 0.00770000 0.00037222 77
0.00780000 0.00780000 0.00038300 112
0.00790000 0.00790000 0.00039419 71
0.00800000 0.00800000 0.00040580 65
0.00810000 0.00810000 0.00041781 59
0.00820000 0.00820000 0.00043024 61
0.00830000 0.00830000 0.00044307 55
0.00840000 0.00840000 0.00045636 55
0.00850000 0.00850000 0.00047014 52
0.00860000 0.00860000 0.00048433 58
0.00870000 0.00870000 0.00049905 53
0.00880000 0.00880000 0.00051431 51
0.00890000 0.00890000 0.00053021 47
0.00900000 0.00900000 0.00054692 48
0.00910000 0.00910000 0.00056445 51
0.00920000 0.00920000 0.00058352 50
0.00930000 0.00930000 0.00060466 48
0.00940000 0.00940000 0.00062786 49
0.00950000 0.00950000 0.00065312 48
0.00960000 0.00960000 0.00068053 50
0.00970000 0.00970000 0.00071081 49
0.00980000 0.00980000 0.00074412 55
0.00990000 0.00990000 0.00078047 47
0.01000000 0.01000000 0.00082215 46
0.01010000 0.01010000 0.00087371 46
0.01020000 0.01020000 0.00093527 47
0.01030000 0.01030000 0.00100682 46
0.01040000 0.01040000 0.00108836 52
0.01050000 0.01050000 0.00117992 47
0.01060000 0.01060000 0.00129260 45
0.01070000 0.01070000 0.00143582 47
0.01080000 0.01080000 0.00160957 48
0.01090000 0.01090000 0.00181386 45
0.01100000 0.01100000 0.00204868 46
0.01110000 0.01110000 0.00231404 46
0.01120000 0.01120000 0.00260994 51

choose = 10
0.00010000 0.00010000 0.00021381 306
0.00020000 0.00020000 0.00020855 320
0.00030000 0.00030000 0.00020375 414
0.00040000 0.00040000 0.00019954 571
0.00050000 0.00050000 0.00019509 611
0.00060000 0.00060000 0.00019015 491
0.00070000 0.00070000 0.00018574 592
0.00080000 0.00080000 0.00018188 1253
0.00090000 0.00090000 0.00017823 1040
0.00100000 0.00100000 0.00017463 1025
0.00110000 0.00110000 0.00017141 1370
0.00120000 0.00120000 0.00016794 1180
0.00130000 0.00130000 0.00016462 496
0.00140000 0.00140000 0.00016152 610
0.00150000 0.00150000 0.00015918 676
0.00160000 0.00160000 0.00015754 391
0.00170000 0.00170000 0.00015570 341
0.00180000 0.00180000 0.00015491 355
0.00190000 0.00190000 0.00015298 869
0.00200000 0.00200000 0.00015179 559
0.00210000 0.00210000 0.00015135 313
0.00220000 0.00220000 0.00015107 712
0.00230000 0.00230000 0.00015052 304
0.00240000 0.00240000 0.00015032 264
0.00250000 0.00250000 0.00015016 273
0.00260000 0.00260000 0.00015054 285
0.00270000 0.00270000 0.00015068 360
0.00280000 0.00280000 0.00015070 248
0.00290000 0.00290000 0.00015106 242
0.00300000 0.00300000 0.00015155 238
0.00310000 0.00310000 0.00015203 230
0.00320000 0.00320000 0.00015289 236
0.00330000 0.00330000 0.00015413 234
0.00340000 0.00340000 0.00015574 245
0.00350000 0.00350000 0.00015773 250
0.00360000 0.00360000 0.00015951 411
0.00370000 0.00370000 0.00016120 572
0.00380000 0.00380000 0.00016317 267
0.00390000 0.00390000 0.00016543 297
0.00400000 0.00400000 0.00016716 274
0.00410000 0.00410000 0.00016869 225
0.00420000 0.00420000 0.00017045 229
0.00430000 0.00430000 0.00017245 255
0.00440000 0.00440000 0.00017469 263
0.00450000 0.00450000 0.00017717 194
0.00460000 0.00460000 0.00017989 202
0.00470000 0.00470000 0.00018284 205
0.00480000 0.00480000 0.00018604 180
0.00490000 0.00490000 0.00018948 184
0.00500000 0.00500000 0.00019299 184
0.00510000 0.00510000 0.00019666 181
0.00520000 0.00520000 0.00020058 168
0.00530000 0.00530000 0.00020474 199
0.00540000 0.00540000 0.00020915 190
0.00550000 0.00550000 0.00021380 170
0.00560000 0.00560000 0.00021870 187
0.00570000 0.00570000 0.00022367 183
0.00580000 0.00580000 0.00022871 259
0.00590000 0.00590000 0.00023404 144
0.00600000 0.00600000 0.00023923 150
0.00610000 0.00610000 0.00024461 166
0.00620000 0.00620000 0.00025031 143
0.00630000 0.00630000 0.00025632 155
0.00640000 0.00640000 0.00026264 131
0.00650000 0.00650000 0.00026918 148
0.00660000 0.00660000 0.00027598 129
0.00670000 0.00670000 0.00028311 120
0.00680000 0.00680000 0.00029056 144
0.00690000 0.00690000 0.00029833 85
0.00700000 0.00700000 0.00030636 123
0.00710000 0.00710000 0.00031456 83
0.00720000 0.00720000 0.00032316 148
0.00730000 0.00730000 0.00033213 74
0.00740000 0.00740000 0.00034150 80
0.00750000 0.00750000 0.00035124 86
0.00760000 0.00760000 0.00036137 67
0.00770000 0.00770000 0.00037189 76
0.00780000 0.00780000 0.00038279 59
0.00790000 0.00790000 0.00039407 58
0.00800000 0.00800000 0.00040574 56
0.00810000 0.00810000 0.00041780 59
0.00820000 0.00820000 0.00043023 55
0.00830000 0.00830000 0.00044307 63
0.00840000 0.00840000 0.00045636 57
0.00850000 0.00850000 0.00047014 52
0.00860000 0.00860000 0.00048433 52
0.00870000 0.00870000 0.00049905 49
0.00880000 0.00880000 0.00051431 50
0.00890000 0.00890000 0.00053021 49
0.00900000 0.00900000 0.00054692 51
0.00910000 0.00910000 0.00056445 48
0.00920000 0.00920000 0.00058352 51
0.00930000 0.00930000 0.00060466 49
0.00940000 0.00940000 0.00062786 51
0.00950000 0.00950000 0.00065312 48
0.00960000 0.00960000 0.00068053 49
0.00970000 0.00970000 0.00071081 51
0.00980000 0.00980000 0.00074412 46
0.00990000 0.00990000 0.00078047 48
0.01000000 0.01000000 0.00082215 45
0.01010000 0.01010000 0.00087371 45
0.01020000 0.01020000 0.00093527 46
0.01030000 0.01030000 0.00100682 45
0.01040000 0.01040000 0.00108836 47
0.01050000 0.01050000 0.00117992 46
0.01060000 0.01060000 0.00129260 45
0.01070000 0.01070000 0.00143582 48
0.01080000 0.01080000 0.00160957 46
0.01090000 0.01090000 0.00181386 46
0.01100000 0.01100000 0.00204868 46
0.01110000 0.01110000 0.00231404 47
0.01120000 0.01120000 0.00260994 47

