choose = 2
0.0009 0.00090000 0.00148982 14
0.00100000 0.00100000 0.00115293 11
0.00110000 0.00110000 0.00119124 50
0.00120000 0.00120000 0.00123129 19
0.00130000 0.00130000 0.00115682 20
0.00140000 0.00140000 0.00109173 20
0.00150000 0.00150000 0.00103599 20
0.00160000 0.00160000 0.00098962 67
0.00170000 0.00170000 0.00095262 24
0.00180000 0.00180000 0.00092498 32
0.00190000 0.00190000 0.00090671 20
0.00200000 0.00200000 0.00089780 20
0.00210000 0.00210000 0.00089826 21
0.00220000 0.00220000 0.00090808 22
0.00230000 0.00230000 0.00092727 38
0.00240000 0.00240000 0.00095583 24
0.00250000 0.00250000 0.00099375 24
0.00260000 0.00260000 0.00102312 26
0.00270000 0.00270000 0.00096063 29
0.00280000 0.00280000 0.00082911 27
0.00290000 0.00290000 0.00088993 50
0.00300000 0.00300000 0.00101863 21
0.00310000 0.00310000 0.00093779 27
0.00320000 0.00320000 0.00101320 28
0.00330000 0.00330000 0.00099041 59
0.00340000 0.00340000 0.00092259 35
0.00350000 0.00350000 0.00087357 28
0.00360000 0.00360000 0.00084333 30
0.00370000 0.00370000 0.00083188 26
0.00380000 0.00380000 0.00083921 27
0.00390000 0.00390000 0.00086533 74
0.00400000 0.00400000 0.00091023 29
0.00410000 0.00410000 0.00091892 58
0.00420000 0.00420000 0.00092712 31
0.00430000 0.00430000 0.00092273 29
0.00440000 0.00440000 0.00091188 26
0.00450000 0.00450000 0.00090376 27
0.00460000 0.00460000 0.00089839 25
0.00470000 0.00470000 0.00089575 23
0.00480000 0.00480000 0.00089586 25
0.00490000 0.00490000 0.00089871 49
0.00500000 0.00500000 0.00090429 28
0.00510000 0.00510000 0.00091262 25
0.00520000 0.00520000 0.00092369 23
0.00530000 0.00530000 0.00093749 31
0.00540000 0.00540000 0.00095404 25
0.00550000 0.00550000 0.00097333 27
0.00560000 0.00560000 0.00099536 23
0.00570000 0.00570000 0.00100303 27
0.00580000 0.00580000 0.00101638 23
0.00590000 0.00590000 0.00103728 27
0.00600000 0.00600000 0.00106571 26
0.00610000 0.00610000 0.00110169 32
0.00620000 0.00620000 0.00107808 26
0.00630000 0.00630000 0.00105420 31
0.00640000 0.00640000 0.00114714 22
0.00650000 0.00650000 0.00128370 51
0.00660000 0.00660000 0.00126334 24
0.00670000 0.00670000 0.00123896 26
0.00680000 0.00680000 0.00122640 24
0.00690000 0.00690000 0.00122565 25
0.00700000 0.00700000 0.00123318 22
0.00710000 0.00710000 0.00122613 22
0.00720000 0.00720000 0.00122143 22
0.00730000 0.00730000 0.00121910 52
0.00740000 0.00740000 0.00121913 24
0.00750000 0.00750000 0.00122153 22
0.00760000 0.00760000 0.00122629 24
0.00770000 0.00770000 0.00123341 52
0.00780000 0.00780000 0.00124290 24
0.00790000 0.00790000 0.00125475 19
0.00800000 0.00800000 0.00126896 20
0.00810000 0.00810000 0.00128554 22
0.00820000 0.00820000 0.00130448 20
0.00830000 0.00830000 0.00132579 38
0.00840000 0.00840000 0.00134946 22
0.00850000 0.00850000 0.00137549 25
0.00860000 0.00860000 0.00140389 20
0.00870000 0.00870000 0.00143464 51
0.00880000 0.00880000 0.00146777 24
0.00890000 0.00890000 0.00150325 21
0.00900000 0.00900000 0.00154110 23
0.00910000 0.00910000 0.00158132 47
0.00920000 0.00920000 0.00162390 20
0.00930000 0.00930000 0.00166884 22
0.00940000 0.00940000 0.00171614 23
0.00950000 0.00950000 0.00176581 54
0.00960000 0.00960000 0.00181784 20
0.00970000 0.00970000 0.00187223 20
0.00980000 0.00980000 0.00192899 23
0.00990000 0.00990000 0.00198812 19
0.01000000 0.01000000 0.00204960 94
0.01010000 0.01010000 0.00211345 19
0.01020000 0.01020000 0.00217966 22
0.01030000 0.01030000 0.00224824 20
0.01040000 0.01040000 0.00231918 19
0.01050000 0.01050000 0.00239248 36
0.01060000 0.01060000 0.00246815 18
0.01070000 0.01070000 0.00254618 18
0.01080000 0.01080000 0.00262658 19
0.01090000 0.01090000 0.00270452 19
0.01100000 0.01100000 0.00275403 44
0.01110000 0.01110000 0.00280885 18
0.01120000 0.01120000 0.00286897 21
0.01130000 0.01130000 0.00293440 21
0.01140000 0.01140000 0.00300513 21
0.01150000 0.01150000 0.00308116 60
0.01160000 0.01160000 0.00316250 19
0.01170000 0.01170000 0.00324914 20
0.01180000 0.01180000 0.00334108 18
0.01190000 0.01190000 0.00343833 21
0.01200000 0.01200000 0.00354089 14
0.01210000 0.01210000 0.00364875 14
0.01220000 0.01220000 0.00376191 13
0.01230000 0.01230000 0.00388038 11
0.01240000 0.01240000 0.00400415 11
0.01250000 0.01250000 0.00413322 12
0.01260000 0.01260000 0.00426760 12
0.01270000 0.01270000 0.00440729 12
0.01280000 0.01280000 0.00455227 13
0.01290000 0.01290000 0.00470256 12
0.01300000 0.01300000 0.00485816 13
0.01310000 0.01310000 0.00501906 13
0.01320000 0.01320000 0.00518526 12
0.01330000 0.01330000 0.00535677 14
0.01340000 0.01340000 0.00553359 12

choose = 3
0.00090000 0.00090000 0.00148982 10
0.00100000 0.00100000 0.00115293 8
0.00110000 0.00110000 0.00107626 9
0.00120000 0.00120000 0.00101573 8
0.00130000 0.00130000 0.00096338 52
0.00140000 0.00140000 0.00091919 16
0.00150000 0.00150000 0.00088318 25
0.00160000 0.00160000 0.00085533 18
0.00170000 0.00170000 0.00083565 19
0.00180000 0.00180000 0.00082414 16
0.00190000 0.00190000 0.00081995 18
0.00200000 0.00200000 0.00078915 20
0.00210000 0.00210000 0.00076526 21
0.00220000 0.00220000 0.00074827 17
0.00230000 0.00230000 0.00073820 25
0.00240000 0.00240000 0.00073502 17
0.00250000 0.00250000 0.00073875 21
0.00260000 0.00260000 0.00074939 24
0.00270000 0.00270000 0.00076694 36
0.00280000 0.00280000 0.00076669 23
0.00290000 0.00290000 0.00076284 37
0.00300000 0.00300000 0.00076115 33
0.00310000 0.00310000 0.00074575 20
0.00320000 0.00320000 0.00073261 20
0.00330000 0.00330000 0.00072391 25
0.00340000 0.00340000 0.00071965 26
0.00350000 0.00350000 0.00071983 27
0.00360000 0.00360000 0.00072445 24
0.00370000 0.00370000 0.00073351 22
0.00380000 0.00380000 0.00074619 24
0.00390000 0.00390000 0.00074785 24
0.00400000 0.00400000 0.00075093 24
0.00410000 0.00410000 0.00075359 24
0.00420000 0.00420000 0.00074937 22
0.00430000 0.00430000 0.00074894 22
0.00440000 0.00440000 0.00075515 43
0.00450000 0.00450000 0.00076797 34
0.00460000 0.00460000 0.00078222 23
0.00470000 0.00470000 0.00077660 24
0.00480000 0.00480000 0.00077367 22
0.00490000 0.00490000 0.00077345 24
0.00500000 0.00500000 0.00077593 19
0.00510000 0.00510000 0.00078112 22
0.00520000 0.00520000 0.00078900 20
0.00530000 0.00530000 0.00079959 20
0.00540000 0.00540000 0.00081288 25
0.00550000 0.00550000 0.00082888 26
0.00560000 0.00560000 0.00084757 22
0.00570000 0.00570000 0.00086897 23
0.00580000 0.00580000 0.00087617 20
0.00590000 0.00590000 0.00088121 23
0.00600000 0.00600000 0.00088726 21
0.00610000 0.00610000 0.00089433 21
0.00620000 0.00620000 0.00090241 20
0.00630000 0.00630000 0.00091149 19
0.00640000 0.00640000 0.00092160 24
0.00650000 0.00650000 0.00093271 22
0.00660000 0.00660000 0.00094483 24
0.00670000 0.00670000 0.00095797 19
0.00680000 0.00680000 0.00097212 20
0.00690000 0.00690000 0.00098728 44
0.00700000 0.00700000 0.00100345 19
0.00710000 0.00710000 0.00101123 21
0.00720000 0.00720000 0.00101662 20
0.00730000 0.00730000 0.00102413 18
0.00740000 0.00740000 0.00103376 33
0.00750000 0.00750000 0.00104551 21
0.00760000 0.00760000 0.00105938 18
0.00770000 0.00770000 0.00107537 17
0.00780000 0.00780000 0.00109349 18
0.00790000 0.00790000 0.00111373 17
0.00800000 0.00800000 0.00113609 18
0.00810000 0.00810000 0.00116057 20
0.00820000 0.00820000 0.00118717 48
0.00830000 0.00830000 0.00121589 18
0.00840000 0.00840000 0.00124673 20
0.00850000 0.00850000 0.00127970 20
0.00860000 0.00860000 0.00131479 32
0.00870000 0.00870000 0.00135048 32
0.00880000 0.00880000 0.00138015 17
0.00890000 0.00890000 0.00141211 21
0.00900000 0.00900000 0.00144636 16
0.00910000 0.00910000 0.00148291 19
0.00920000 0.00920000 0.00152175 18
0.00930000 0.00930000 0.00156289 52
0.00940000 0.00940000 0.00160632 20
0.00950000 0.00950000 0.00165204 22
0.00960000 0.00960000 0.00170006 20
0.00970000 0.00970000 0.00175038 18
0.00980000 0.00980000 0.00180298 16
0.00990000 0.00990000 0.00185788 16
0.01000000 0.01000000 0.00191508 18
0.01010000 0.01010000 0.00197457 20
0.01020000 0.01020000 0.00203635 29
0.01030000 0.01030000 0.00210043 17
0.01040000 0.01040000 0.00216680 16
0.01050000 0.01050000 0.00223547 20
0.01060000 0.01060000 0.00230642 19
0.01070000 0.01070000 0.00237968 18
0.01080000 0.01080000 0.00245523 19
0.01090000 0.01090000 0.00253307 16
0.01100000 0.01100000 0.00261320 22
0.01110000 0.01110000 0.00269563 46
0.01120000 0.01120000 0.00278036 8
0.01130000 0.01130000 0.00286737 9
0.01140000 0.01140000 0.00295668 7
0.01150000 0.01150000 0.00304829 8
0.01160000 0.01160000 0.00314219 9
0.01170000 0.01170000 0.00323838 8
0.01180000 0.01180000 0.00333687 7
0.01190000 0.01190000 0.00343765 9
0.01200000 0.01200000 0.00354089 10
0.01210000 0.01210000 0.00364875 8
0.01220000 0.01220000 0.00376191 8
0.01230000 0.01230000 0.00388038 9
0.01240000 0.01240000 0.00400415 8
0.01250000 0.01250000 0.00413322 9
0.01260000 0.01260000 0.00426760 8
0.01270000 0.01270000 0.00440729 9
0.01280000 0.01280000 0.00455227 8
0.01290000 0.01290000 0.00470256 7
0.01300000 0.01300000 0.00485816 9
0.01310000 0.01310000 0.00501906 9
0.01320000 0.01320000 0.00518526 9
0.01330000 0.01330000 0.00535677 8
0.01340000 0.01340000 0.00553359 10

choose = 4
0.00090000 0.00090000 0.00148982 8
0.00100000 0.00100000 0.00115293 8
0.00110000 0.00110000 0.00107626 9
0.00120000 0.00120000 0.00101573 10
0.00130000 0.00130000 0.00096279 9
0.00140000 0.00140000 0.00091523 10
0.00150000 0.00150000 0.00087283 63
0.00160000 0.00160000 0.00083559 17
0.00170000 0.00170000 0.00080351 18
0.00180000 0.00180000 0.00077659 18
0.00190000 0.00190000 0.00075483 23
0.00200000 0.00200000 0.00073824 26
0.00210000 0.00210000 0.00072680 27
0.00220000 0.00220000 0.00072053 47
0.00230000 0.00230000 0.00071942 32
0.00240000 0.00240000 0.00071652 26
0.00250000 0.00250000 0.00070462 22
0.00260000 0.00260000 0.00069489 22
0.00270000 0.00270000 0.00068731 26
0.00280000 0.00280000 0.00068189 21
0.00290000 0.00290000 0.00067864 20
0.00300000 0.00300000 0.00067754 22
0.00310000 0.00310000 0.00067860 32
0.00320000 0.00320000 0.00068182 25
0.00330000 0.00330000 0.00068720 22
0.00340000 0.00340000 0.00069474 21
0.00350000 0.00350000 0.00069663 30
0.00360000 0.00360000 0.00069139 37
0.00370000 0.00370000 0.00068885 38
0.00380000 0.00380000 0.00068894 20
0.00390000 0.00390000 0.00069021 32
0.00400000 0.00400000 0.00068926 42
0.00410000 0.00410000 0.00068958 46
0.00420000 0.00420000 0.00069118 20
0.00430000 0.00430000 0.00069406 32
0.00440000 0.00440000 0.00069822 19
0.00450000 0.00450000 0.00070364 37
0.00460000 0.00460000 0.00070984 39
0.00470000 0.00470000 0.00070876 26
0.00480000 0.00480000 0.00071023 21
0.00490000 0.00490000 0.00071425 20
0.00500000 0.00500000 0.00072083 22
0.00510000 0.00510000 0.00072997 21
0.00520000 0.00520000 0.00074166 22
0.00530000 0.00530000 0.00075590 20
0.00540000 0.00540000 0.00075876 22
0.00550000 0.00550000 0.00076037 26
0.00560000 0.00560000 0.00076299 35
0.00570000 0.00570000 0.00076663 33
0.00580000 0.00580000 0.00077127 36
0.00590000 0.00590000 0.00077693 19
0.00600000 0.00600000 0.00078359 21
0.00610000 0.00610000 0.00079127 20
0.00620000 0.00620000 0.00079995 19
0.00630000 0.00630000 0.00080965 22
0.00640000 0.00640000 0.00082035 22
0.00650000 0.00650000 0.00083207 24
0.00660000 0.00660000 0.00084480 23
0.00670000 0.00670000 0.00085853 25
0.00680000 0.00680000 0.00087328 20
0.00690000 0.00690000 0.00088904 51
0.00700000 0.00700000 0.00090580 23
0.00710000 0.00710000 0.00092358 19
0.00720000 0.00720000 0.00094237 24
0.00730000 0.00730000 0.00096217 21
0.00740000 0.00740000 0.00098298 22
0.00750000 0.00750000 0.00100479 21
0.00760000 0.00760000 0.00101605 20
0.00770000 0.00770000 0.00102936 25
0.00780000 0.00780000 0.00104470 39
0.00790000 0.00790000 0.00106208 39
0.00800000 0.00800000 0.00108151 18
0.00810000 0.00810000 0.00110297 20
0.00820000 0.00820000 0.00112648 21
0.00830000 0.00830000 0.00115202 18
0.00840000 0.00840000 0.00117960 8
0.00850000 0.00850000 0.00120923 7
0.00860000 0.00860000 0.00124089 9
0.00870000 0.00870000 0.00127460 8
0.00880000 0.00880000 0.00131035 8
0.00890000 0.00890000 0.00134813 8
0.00900000 0.00900000 0.00138796 7
0.00910000 0.00910000 0.00142982 10
0.00920000 0.00920000 0.00147373 11
0.00930000 0.00930000 0.00151968 8
0.00940000 0.00940000 0.00156766 11
0.00950000 0.00950000 0.00161769 13
0.00960000 0.00960000 0.00166976 8
0.00970000 0.00970000 0.00172387 10
0.00980000 0.00980000 0.00178002 9
0.00990000 0.00990000 0.00183820 8
0.01000000 0.01000000 0.00189843 8
0.01010000 0.01010000 0.00196070 8
0.01020000 0.01020000 0.00202501 10
0.01030000 0.01030000 0.00209136 8
0.01040000 0.01040000 0.00215975 8
0.01050000 0.01050000 0.00223018 10
0.01060000 0.01060000 0.00230265 9
0.01070000 0.01070000 0.00237716 8
0.01080000 0.01080000 0.00245371 7
0.01090000 0.01090000 0.00253230 8
0.01100000 0.01100000 0.00261293 10
0.01110000 0.01110000 0.00269561 10
0.01120000 0.01120000 0.00278036 8
0.01130000 0.01130000 0.00286737 10
0.01140000 0.01140000 0.00295668 8
0.01150000 0.01150000 0.00304829 9
0.01160000 0.01160000 0.00314219 10
0.01170000 0.01170000 0.00323838 8
0.01180000 0.01180000 0.00333687 8
0.01190000 0.01190000 0.00343765 9
0.01200000 0.01200000 0.00354089 10
0.01210000 0.01210000 0.00364875 7
0.01220000 0.01220000 0.00376191 9
0.01230000 0.01230000 0.00388038 8
0.01240000 0.01240000 0.00400415 8
0.01250000 0.01250000 0.00413322 8
0.01260000 0.01260000 0.00426760 7
0.01270000 0.01270000 0.00440729 8
0.01280000 0.01280000 0.00455227 8
0.01290000 0.01290000 0.00470256 10
0.01300000 0.01300000 0.00485816 10
0.01310000 0.01310000 0.00501906 8
0.01320000 0.01320000 0.00518526 8
0.01330000 0.01330000 0.00535677 8
0.01340000 0.01340000 0.00553359 11

choose = 5
0.00090000 0.00090000 0.00148982 9
0.00100000 0.00100000 0.00115293 7
0.00110000 0.00110000 0.00107626 8
0.00120000 0.00120000 0.00101573 8
0.00130000 0.00130000 0.00096279 10
0.00140000 0.00140000 0.00091523 7
0.00150000 0.00150000 0.00087280 8
0.00160000 0.00160000 0.00083540 10
0.00170000 0.00170000 0.00080303 8
0.00180000 0.00180000 0.00077568 9
0.00190000 0.00190000 0.00075337 68
0.00200000 0.00200000 0.00073608 19
0.00210000 0.00210000 0.00072279 21
0.00220000 0.00220000 0.00070966 21
0.00230000 0.00230000 0.00069834 20
0.00240000 0.00240000 0.00068884 21
0.00250000 0.00250000 0.00068115 22
0.00260000 0.00260000 0.00067527 34
0.00270000 0.00270000 0.00067121 31
0.00280000 0.00280000 0.00066896 45
0.00290000 0.00290000 0.00066852 21
0.00300000 0.00300000 0.00066867 22
0.00310000 0.00310000 0.00066597 28
0.00320000 0.00320000 0.00066409 28
0.00330000 0.00330000 0.00066350 31
0.00340000 0.00340000 0.00066412 42
0.00350000 0.00350000 0.00066381 34
0.00360000 0.00360000 0.00066424 34
0.00370000 0.00370000 0.00066542 36
0.00380000 0.00380000 0.00066734 49
0.00390000 0.00390000 0.00067001 46
0.00400000 0.00400000 0.00067283 41
0.00410000 0.00410000 0.00067183 39
0.00420000 0.00420000 0.00067205 47
0.00430000 0.00430000 0.00067350 24
0.00440000 0.00440000 0.00067618 32
0.00450000 0.00450000 0.00068008 34
0.00460000 0.00460000 0.00068520 46
0.00470000 0.00470000 0.00069155 42
0.00480000 0.00480000 0.00069647 26
0.00490000 0.00490000 0.00069997 34
0.00500000 0.00500000 0.00070402 49
0.00510000 0.00510000 0.00070633 25
0.00520000 0.00520000 0.00070833 25
0.00530000 0.00530000 0.00071124 22
0.00540000 0.00540000 0.00071504 21
0.00550000 0.00550000 0.00071974 29
0.00560000 0.00560000 0.00072534 76
0.00570000 0.00570000 0.00073183 36
0.00580000 0.00580000 0.00073922 43
0.00590000 0.00590000 0.00074751 37
0.00600000 0.00600000 0.00075670 30
0.00610000 0.00610000 0.00076678 19
0.00620000 0.00620000 0.00077776 24
0.00630000 0.00630000 0.00078937 19
0.00640000 0.00640000 0.00079847 21
0.00650000 0.00650000 0.00080851 22
0.00660000 0.00660000 0.00081951 20
0.00670000 0.00670000 0.00083145 21
0.00680000 0.00680000 0.00084434 23
0.00690000 0.00690000 0.00085818 20
0.00700000 0.00700000 0.00087296 20
0.00710000 0.00710000 0.00088870 22
0.00720000 0.00720000 0.00090538 23
0.00730000 0.00730000 0.00092302 24
0.00740000 0.00740000 0.00094160 21
0.00750000 0.00750000 0.00096113 19
0.00760000 0.00760000 0.00098161 21
0.00770000 0.00770000 0.00100304 10
0.00780000 0.00780000 0.00102542 9
0.00790000 0.00790000 0.00104874 8
0.00800000 0.00800000 0.00107302 9
0.00810000 0.00810000 0.00109824 9
0.00820000 0.00820000 0.00112441 8
0.00830000 0.00830000 0.00115153 8
0.00840000 0.00840000 0.00117960 8
0.00850000 0.00850000 0.00120923 9
0.00860000 0.00860000 0.00124089 8
0.00870000 0.00870000 0.00127460 7
0.00880000 0.00880000 0.00131035 9
0.00890000 0.00890000 0.00134813 8
0.00900000 0.00900000 0.00138796 10
0.00910000 0.00910000 0.00142982 8
0.00920000 0.00920000 0.00147373 10
0.00930000 0.00930000 0.00151968 8
0.00940000 0.00940000 0.00156766 7
0.00950000 0.00950000 0.00161769 10
0.00960000 0.00960000 0.00166976 8
0.00970000 0.00970000 0.00172387 8
0.00980000 0.00980000 0.00178002 8
0.00990000 0.00990000 0.00183820 8
0.01000000 0.01000000 0.00189843 9
0.01010000 0.01010000 0.00196070 7
0.01020000 0.01020000 0.00202501 8
0.01030000 0.01030000 0.00209136 9
0.01040000 0.01040000 0.00215975 10
0.01050000 0.01050000 0.00223018 8
0.01060000 0.01060000 0.00230265 8
0.01070000 0.01070000 0.00237716 9
0.01080000 0.01080000 0.00245371 8
0.01090000 0.01090000 0.00253230 8
0.01100000 0.01100000 0.00261293 7
0.01110000 0.01110000 0.00269561 8
0.01120000 0.01120000 0.00278036 9
0.01130000 0.01130000 0.00286737 8
0.01140000 0.01140000 0.00295668 9
0.01150000 0.01150000 0.00304829 8
0.01160000 0.01160000 0.00314219 11
0.01170000 0.01170000 0.00323838 9
0.01180000 0.01180000 0.00333687 7
0.01190000 0.01190000 0.00343765 8
0.01200000 0.01200000 0.00354089 7
0.01210000 0.01210000 0.00364875 9
0.01220000 0.01220000 0.00376191 9
0.01230000 0.01230000 0.00388038 7
0.01240000 0.01240000 0.00400415 8
0.01250000 0.01250000 0.00413322 9
0.01260000 0.01260000 0.00426760 13
0.01270000 0.01270000 0.00440729 16
0.01280000 0.01280000 0.00455227 15
0.01290000 0.01290000 0.00470256 14
0.01300000 0.01300000 0.00485816 9
0.01310000 0.01310000 0.00501906 9
0.01320000 0.01320000 0.00518526 8
0.01330000 0.01330000 0.00535677 10
0.01340000 0.01340000 0.00553359 8

choose = 6
0.00090000 0.00090000 0.00148982 13
0.00100000 0.00100000 0.00115293 16
0.00110000 0.00110000 0.00107626 11
0.00120000 0.00120000 0.00101573 8
0.00130000 0.00130000 0.00096279 7
0.00140000 0.00140000 0.00091523 11
0.00150000 0.00150000 0.00087280 9
0.00160000 0.00160000 0.00083540 8
0.00170000 0.00170000 0.00080303 9
0.00180000 0.00180000 0.00077568 8
0.00190000 0.00190000 0.00075336 9
0.00200000 0.00200000 0.00073545 96
0.00210000 0.00210000 0.00072101 21
0.00220000 0.00220000 0.00070788 26
0.00230000 0.00230000 0.00069594 30
0.00240000 0.00240000 0.00068572 27
0.00250000 0.00250000 0.00067722 21
0.00260000 0.00260000 0.00067044 36
0.00270000 0.00270000 0.00066537 34
0.00280000 0.00280000 0.00066203 42
0.00290000 0.00290000 0.00066040 34
0.00300000 0.00300000 0.00065946 40
0.00310000 0.00310000 0.00065824 36
0.00320000 0.00320000 0.00065807 32
0.00330000 0.00330000 0.00065806 47
0.00340000 0.00340000 0.00065664 30
0.00350000 0.00350000 0.00065527 20
0.00360000 0.00360000 0.00065458 37
0.00370000 0.00370000 0.00065456 37
0.00380000 0.00380000 0.00065521 33
0.00390000 0.00390000 0.00065655 35
0.00400000 0.00400000 0.00065856 63
0.00410000 0.00410000 0.00066124 45
0.00420000 0.00420000 0.00066460 68
0.00430000 0.00430000 0.00066864 43
0.00440000 0.00440000 0.00067171 40
0.00450000 0.00450000 0.00067284 40
0.00460000 0.00460000 0.00067452 41
0.00470000 0.00470000 0.00067676 35
0.00480000 0.00480000 0.00067956 44
0.00490000 0.00490000 0.00068292 32
0.00500000 0.00500000 0.00068683 20
0.00510000 0.00510000 0.00069130 35
0.00520000 0.00520000 0.00069634 21
0.00530000 0.00530000 0.00070192 36
0.00540000 0.00540000 0.00070807 36
0.00550000 0.00550000 0.00071433 24
0.00560000 0.00560000 0.00072014 29
0.00570000 0.00570000 0.00072560 50
0.00580000 0.00580000 0.00073185 21
0.00590000 0.00590000 0.00073891 33
0.00600000 0.00600000 0.00074676 22
0.00610000 0.00610000 0.00075542 21
0.00620000 0.00620000 0.00076488 33
0.00630000 0.00630000 0.00077515 26
0.00640000 0.00640000 0.00078621 9
0.00650000 0.00650000 0.00079808 7
0.00660000 0.00660000 0.00081075 8
0.00670000 0.00670000 0.00082422 8
0.00680000 0.00680000 0.00083849 9
0.00690000 0.00690000 0.00085357 7
0.00700000 0.00700000 0.00086944 9
0.00710000 0.00710000 0.00088612 9
0.00720000 0.00720000 0.00090360 9
0.00730000 0.00730000 0.00092189 10
0.00740000 0.00740000 0.00094097 8
0.00750000 0.00750000 0.00096086 10
0.00760000 0.00760000 0.00098155 10
0.00770000 0.00770000 0.00100304 9
0.00780000 0.00780000 0.00102542 9
0.00790000 0.00790000 0.00104874 9
0.00800000 0.00800000 0.00107302 8
0.00810000 0.00810000 0.00109824 9
0.00820000 0.00820000 0.00112441 8
0.00830000 0.00830000 0.00115153 11
0.00840000 0.00840000 0.00117960 8
0.00850000 0.00850000 0.00120923 8
0.00860000 0.00860000 0.00124089 10
0.00870000 0.00870000 0.00127460 9
0.00880000 0.00880000 0.00131035 8
0.00890000 0.00890000 0.00134813 10
0.00900000 0.00900000 0.00138796 9
0.00910000 0.00910000 0.00142982 8
0.00920000 0.00920000 0.00147373 12
0.00930000 0.00930000 0.00151968 14
0.00940000 0.00940000 0.00156766 15
0.00950000 0.00950000 0.00161769 15
0.00960000 0.00960000 0.00166976 15
0.00970000 0.00970000 0.00172387 8
0.00980000 0.00980000 0.00178002 9
0.00990000 0.00990000 0.00183820 9
0.01000000 0.01000000 0.00189843 8
0.01010000 0.01010000 0.00196070 8
0.01020000 0.01020000 0.00202501 8
0.01030000 0.01030000 0.00209136 9
0.01040000 0.01040000 0.00215975 8
0.01050000 0.01050000 0.00223018 7
0.01060000 0.01060000 0.00230265 8
0.01070000 0.01070000 0.00237716 9
0.01080000 0.01080000 0.00245371 9
0.01090000 0.01090000 0.00253230 7
0.01100000 0.01100000 0.00261293 8
0.01110000 0.01110000 0.00269561 7
0.01120000 0.01120000 0.00278036 10
0.01130000 0.01130000 0.00286737 8
0.01140000 0.01140000 0.00295668 8
0.01150000 0.01150000 0.00304829 8
0.01160000 0.01160000 0.00314219 8
0.01170000 0.01170000 0.00323838 9
0.01180000 0.01180000 0.00333687 7
0.01190000 0.01190000 0.00343765 9
0.01200000 0.01200000 0.00354089 9
0.01210000 0.01210000 0.00364875 9
0.01220000 0.01220000 0.00376191 10
0.01230000 0.01230000 0.00388038 8
0.01240000 0.01240000 0.00400415 9
0.01250000 0.01250000 0.00413322 8
0.01260000 0.01260000 0.00426760 8
0.01270000 0.01270000 0.00440729 9
0.01280000 0.01280000 0.00455227 9
0.01290000 0.01290000 0.00470256 9
0.01300000 0.01300000 0.00485816 8
0.01310000 0.01310000 0.00501906 7
0.01320000 0.01320000 0.00518526 10
0.01330000 0.01330000 0.00535677 8
0.01340000 0.01340000 0.00553359 8

choose = 7
0.00090000 0.00090000 0.00148982 8
0.00100000 0.00100000 0.00115293 9
0.00110000 0.00110000 0.00107626 8
0.00120000 0.00120000 0.00101573 8
0.00130000 0.00130000 0.00096279 8
0.00140000 0.00140000 0.00091523 7
0.00150000 0.00150000 0.00087280 11
0.00160000 0.00160000 0.00083540 10
0.00170000 0.00170000 0.00080303 8
0.00180000 0.00180000 0.00077568 7
0.00190000 0.00190000 0.00075336 7
0.00200000 0.00200000 0.00073543 7
0.00210000 0.00210000 0.00072017 8
0.00220000 0.00220000 0.00070662 10
0.00230000 0.00230000 0.00069479 7
0.00240000 0.00240000 0.00068467 8
0.00250000 0.00250000 0.00067626 9
0.00260000 0.00260000 0.00066957 54
0.00270000 0.00270000 0.00066460 30
0.00280000 0.00280000 0.00066029 31
0.00290000 0.00290000 0.00065679 41
0.00300000 0.00300000 0.00065431 43
0.00310000 0.00310000 0.00065288 29
0.00320000 0.00320000 0.00065248 42
0.00330000 0.00330000 0.00065250 37
0.00340000 0.00340000 0.00065161 33
0.00350000 0.00350000 0.00065127 40
0.00360000 0.00360000 0.00065149 36
0.00370000 0.00370000 0.00065177 41
0.00380000 0.00380000 0.00065261 59
0.00390000 0.00390000 0.00065406 30
0.00400000 0.00400000 0.00065558 33
0.00410000 0.00410000 0.00065681 62
0.00420000 0.00420000 0.00065842 31
0.00430000 0.00430000 0.00066043 34
0.00440000 0.00440000 0.00066282 33
0.00450000 0.00450000 0.00066560 37
0.00460000 0.00460000 0.00066877 45
0.00470000 0.00470000 0.00067233 35
0.00480000 0.00480000 0.00067606 33
0.00490000 0.00490000 0.00067968 37
0.00500000 0.00500000 0.00068382 36
0.00510000 0.00510000 0.00068775 24
0.00520000 0.00520000 0.00069219 25
0.00530000 0.00530000 0.00069715 25
0.00540000 0.00540000 0.00070262 42
0.00550000 0.00550000 0.00070861 32
0.00560000 0.00560000 0.00071511 51
0.00570000 0.00570000 0.00072207 38
0.00580000 0.00580000 0.00072926 29
0.00590000 0.00590000 0.00073711 44
0.00600000 0.00600000 0.00074562 23
0.00610000 0.00610000 0.00075478 9
0.00620000 0.00620000 0.00076460 9
0.00630000 0.00630000 0.00077508 7
0.00640000 0.00640000 0.00078621 9
0.00650000 0.00650000 0.00079808 10
0.00660000 0.00660000 0.00081075 8
0.00670000 0.00670000 0.00082422 9
0.00680000 0.00680000 0.00083849 8
0.00690000 0.00690000 0.00085357 9
0.00700000 0.00700000 0.00086944 9
0.00710000 0.00710000 0.00088612 10
0.00720000 0.00720000 0.00090360 9
0.00730000 0.00730000 0.00092189 11
0.00740000 0.00740000 0.00094097 8
0.00750000 0.00750000 0.00096086 10
0.00760000 0.00760000 0.00098155 10
0.00770000 0.00770000 0.00100304 8
0.00780000 0.00780000 0.00102542 12
0.00790000 0.00790000 0.00104874 12
0.00800000 0.00800000 0.00107302 9
0.00810000 0.00810000 0.00109824 8
0.00820000 0.00820000 0.00112441 10
0.00830000 0.00830000 0.00115153 8
0.00840000 0.00840000 0.00117960 9
0.00850000 0.00850000 0.00120923 9
0.00860000 0.00860000 0.00124089 8
0.00870000 0.00870000 0.00127460 9
0.00880000 0.00880000 0.00131035 8
0.00890000 0.00890000 0.00134813 10
0.00900000 0.00900000 0.00138796 9
0.00910000 0.00910000 0.00142982 11
0.00920000 0.00920000 0.00147373 12
0.00930000 0.00930000 0.00151968 15
0.00940000 0.00940000 0.00156766 14
0.00950000 0.00950000 0.00161769 11
0.00960000 0.00960000 0.00166976 7
0.00970000 0.00970000 0.00172387 8
0.00980000 0.00980000 0.00178002 10
0.00990000 0.00990000 0.00183820 7
0.01000000 0.01000000 0.00189843 7
0.01010000 0.01010000 0.00196070 8
0.01020000 0.01020000 0.00202501 10
0.01030000 0.01030000 0.00209136 9
0.01040000 0.01040000 0.00215975 8
0.01050000 0.01050000 0.00223018 9
0.01060000 0.01060000 0.00230265 8
0.01070000 0.01070000 0.00237716 9
0.01080000 0.01080000 0.00245371 8
0.01090000 0.01090000 0.00253230 9
0.01100000 0.01100000 0.00261293 9
0.01110000 0.01110000 0.00269561 7
0.01120000 0.01120000 0.00278036 9
0.01130000 0.01130000 0.00286737 8
0.01140000 0.01140000 0.00295668 9
0.01150000 0.01150000 0.00304829 8
0.01160000 0.01160000 0.00314219 9
0.01170000 0.01170000 0.00323838 8
0.01180000 0.01180000 0.00333687 7
0.01190000 0.01190000 0.00343765 10
0.01200000 0.01200000 0.00354089 9
0.01210000 0.01210000 0.00364875 8
0.01220000 0.01220000 0.00376191 8
0.01230000 0.01230000 0.00388038 8
0.01240000 0.01240000 0.00400415 9
0.01250000 0.01250000 0.00413322 8
0.01260000 0.01260000 0.00426760 8
0.01270000 0.01270000 0.00440729 8
0.01280000 0.01280000 0.00455227 8
0.01290000 0.01290000 0.00470256 10
0.01300000 0.01300000 0.00485816 8
0.01310000 0.01310000 0.00501906 9
0.01320000 0.01320000 0.00518526 9
0.01330000 0.01330000 0.00535677 8
0.01340000 0.01340000 0.00553359 9

choose = 8
0.00090000 0.00090000 0.00148982 10
0.00100000 0.00100000 0.00115293 8
0.00110000 0.00110000 0.00107626 7
0.00120000 0.00120000 0.00101573 8
0.00130000 0.00130000 0.00096279 8
0.00140000 0.00140000 0.00091523 12
0.00150000 0.00150000 0.00087280 12
0.00160000 0.00160000 0.00083540 9
0.00170000 0.00170000 0.00080303 9
0.00180000 0.00180000 0.00077568 12
0.00190000 0.00190000 0.00075336 10
0.00200000 0.00200000 0.00073543 10
0.00210000 0.00210000 0.00072017 8
0.00220000 0.00220000 0.00070662 8
0.00230000 0.00230000 0.00069479 8
0.00240000 0.00240000 0.00068467 10
0.00250000 0.00250000 0.00067626 9
0.00260000 0.00260000 0.00067040 60
0.00270000 0.00270000 0.00066420 29
0.00280000 0.00280000 0.00066029 33
0.00290000 0.00290000 0.00065678 32
0.00300000 0.00300000 0.00065316 39
0.00310000 0.00310000 0.00065091 39
0.00320000 0.00320000 0.00064948 57
0.00330000 0.00330000 0.00064911 26
0.00340000 0.00340000 0.00064840 22
0.00350000 0.00350000 0.00064824 21
0.00360000 0.00360000 0.00064864 40
0.00370000 0.00370000 0.00064959 31
0.00380000 0.00380000 0.00065051 33
0.00390000 0.00390000 0.00065182 45
0.00400000 0.00400000 0.00065272 53
0.00410000 0.00410000 0.00065401 37
0.00420000 0.00420000 0.00065569 33
0.00430000 0.00430000 0.00065775 33
0.00440000 0.00440000 0.00066020 32
0.00450000 0.00450000 0.00066303 59
0.00460000 0.00460000 0.00066626 45
0.00470000 0.00470000 0.00066987 36
0.00480000 0.00480000 0.00067353 34
0.00490000 0.00490000 0.00067746 39
0.00500000 0.00500000 0.00068117 43
0.00510000 0.00510000 0.00068536 41
0.00520000 0.00520000 0.00069005 36
0.00530000 0.00530000 0.00069524 35
0.00540000 0.00540000 0.00070093 28
0.00550000 0.00550000 0.00070712 47
0.00560000 0.00560000 0.00071382 45
0.00570000 0.00570000 0.00072101 41
0.00580000 0.00580000 0.00072870 9
0.00590000 0.00590000 0.00073689 9
0.00600000 0.00600000 0.00074558 8
0.00610000 0.00610000 0.00075478 7
0.00620000 0.00620000 0.00076460 8
0.00630000 0.00630000 0.00077508 9
0.00640000 0.00640000 0.00078621 7
0.00650000 0.00650000 0.00079808 9
0.00660000 0.00660000 0.00081075 9
0.00670000 0.00670000 0.00082422 8
0.00680000 0.00680000 0.00083849 8
0.00690000 0.00690000 0.00085357 8
0.00700000 0.00700000 0.00086944 12
0.00710000 0.00710000 0.00088612 8
0.00720000 0.00720000 0.00090360 9
0.00730000 0.00730000 0.00092189 9
0.00740000 0.00740000 0.00094097 8
0.00750000 0.00750000 0.00096086 10
0.00760000 0.00760000 0.00098155 9
0.00770000 0.00770000 0.00100304 8
0.00780000 0.00780000 0.00102542 10
0.00790000 0.00790000 0.00104874 10
0.00800000 0.00800000 0.00107302 10
0.00810000 0.00810000 0.00109824 12
0.00820000 0.00820000 0.00112441 11
0.00830000 0.00830000 0.00115153 11
0.00840000 0.00840000 0.00117960 10
0.00850000 0.00850000 0.00120923 11
0.00860000 0.00860000 0.00124089 12
0.00870000 0.00870000 0.00127460 9
0.00880000 0.00880000 0.00131035 10
0.00890000 0.00890000 0.00134813 10
0.00900000 0.00900000 0.00138796 9
0.00910000 0.00910000 0.00142982 8
0.00920000 0.00920000 0.00147373 10
0.00930000 0.00930000 0.00151968 8
0.00940000 0.00940000 0.00156766 8
0.00950000 0.00950000 0.00161769 9
0.00960000 0.00960000 0.00166976 9
0.00970000 0.00970000 0.00172387 10
0.00980000 0.00980000 0.00178002 8
0.00990000 0.00990000 0.00183820 10
0.01000000 0.01000000 0.00189843 8
0.01010000 0.01010000 0.00196070 9
0.01020000 0.01020000 0.00202501 10
0.01030000 0.01030000 0.00209136 8
0.01040000 0.01040000 0.00215975 11
0.01050000 0.01050000 0.00223018 9
0.01060000 0.01060000 0.00230265 9
0.01070000 0.01070000 0.00237716 14
0.01080000 0.01080000 0.00245371 14
0.01090000 0.01090000 0.00253230 12
0.01100000 0.01100000 0.00261293 11
0.01110000 0.01110000 0.00269561 8
0.01120000 0.01120000 0.00278036 10
0.01130000 0.01130000 0.00286737 8
0.01140000 0.01140000 0.00295668 7
0.01150000 0.01150000 0.00304829 7
0.01160000 0.01160000 0.00314219 7
0.01170000 0.01170000 0.00323838 9
0.01180000 0.01180000 0.00333687 9
0.01190000 0.01190000 0.00343765 9
0.01200000 0.01200000 0.00354089 8
0.01210000 0.01210000 0.00364875 9
0.01220000 0.01220000 0.00376191 10
0.01230000 0.01230000 0.00388038 8
0.01240000 0.01240000 0.00400415 11
0.01250000 0.01250000 0.00413322 11
0.01260000 0.01260000 0.00426760 9
0.01270000 0.01270000 0.00440729 10
0.01280000 0.01280000 0.00455227 11
0.01290000 0.01290000 0.00470256 7
0.01300000 0.01300000 0.00485816 9
0.01310000 0.01310000 0.00501906 10
0.01320000 0.01320000 0.00518526 8
0.01330000 0.01330000 0.00535677 9
0.01340000 0.01340000 0.00553359 9

choose = 9
0.00090000 0.00090000 0.00148982 10
0.00100000 0.00100000 0.00115293 9
0.00110000 0.00110000 0.00107626 8
0.00120000 0.00120000 0.00101573 9
0.00130000 0.00130000 0.00096279 7
0.00140000 0.00140000 0.00091523 11
0.00150000 0.00150000 0.00087280 14
0.00160000 0.00160000 0.00083540 12
0.00170000 0.00170000 0.00080303 14
0.00180000 0.00180000 0.00077568 8
0.00190000 0.00190000 0.00075336 9
0.00200000 0.00200000 0.00073543 9
0.00210000 0.00210000 0.00072017 8
0.00220000 0.00220000 0.00070662 8
0.00230000 0.00230000 0.00069479 8
0.00240000 0.00240000 0.00068467 10
0.00250000 0.00250000 0.00067626 9
0.00260000 0.00260000 0.00066956 8
0.00270000 0.00270000 0.00066414 55
0.00280000 0.00280000 0.00066029 45
0.00290000 0.00290000 0.00065623 40
0.00300000 0.00300000 0.00065283 30
0.00310000 0.00310000 0.00065091 31
0.00320000 0.00320000 0.00064898 34
0.00330000 0.00330000 0.00064738 36
0.00340000 0.00340000 0.00064655 40
0.00350000 0.00350000 0.00064627 33
0.00360000 0.00360000 0.00064654 30
0.00370000 0.00370000 0.00064736 36
0.00380000 0.00380000 0.00064872 35
0.00390000 0.00390000 0.00064998 39
0.00400000 0.00400000 0.00065130 44
0.00410000 0.00410000 0.00065292 46
0.00420000 0.00420000 0.00065469 33
0.00430000 0.00430000 0.00065685 29
0.00440000 0.00440000 0.00065908 35
0.00450000 0.00450000 0.00066165 33
0.00460000 0.00460000 0.00066458 33
0.00470000 0.00470000 0.00066786 40
0.00480000 0.00480000 0.00067151 34
0.00490000 0.00490000 0.00067552 35
0.00500000 0.00500000 0.00067988 81
0.00510000 0.00510000 0.00068461 44
0.00520000 0.00520000 0.00068963 41
0.00530000 0.00530000 0.00069495 25
0.00540000 0.00540000 0.00070075 9
0.00550000 0.00550000 0.00070703 9
0.00560000 0.00560000 0.00071378 8
0.00570000 0.00570000 0.00072100 8
0.00580000 0.00580000 0.00072870 9
0.00590000 0.00590000 0.00073689 8
0.00600000 0.00600000 0.00074558 10
0.00610000 0.00610000 0.00075478 9
0.00620000 0.00620000 0.00076460 8
0.00630000 0.00630000 0.00077508 9
0.00640000 0.00640000 0.00078621 10
0.00650000 0.00650000 0.00079808 11
0.00660000 0.00660000 0.00081075 9
0.00670000 0.00670000 0.00082422 12
0.00680000 0.00680000 0.00083849 10
0.00690000 0.00690000 0.00085357 11
0.00700000 0.00700000 0.00086944 10
0.00710000 0.00710000 0.00088612 9
0.00720000 0.00720000 0.00090360 9
0.00730000 0.00730000 0.00092189 8
0.00740000 0.00740000 0.00094097 8
0.00750000 0.00750000 0.00096086 10
0.00760000 0.00760000 0.00098155 9
0.00770000 0.00770000 0.00100304 9
0.00780000 0.00780000 0.00102542 9
0.00790000 0.00790000 0.00104874 8
0.00800000 0.00800000 0.00107302 11
0.00810000 0.00810000 0.00109824 9
0.00820000 0.00820000 0.00112441 8
0.00830000 0.00830000 0.00115153 8
0.00840000 0.00840000 0.00117960 8
0.00850000 0.00850000 0.00120923 9
0.00860000 0.00860000 0.00124089 9
0.00870000 0.00870000 0.00127460 10
0.00880000 0.00880000 0.00131035 9
0.00890000 0.00890000 0.00134813 9
0.00900000 0.00900000 0.00138796 10
0.00910000 0.00910000 0.00142982 9
0.00920000 0.00920000 0.00147373 10
0.00930000 0.00930000 0.00151968 11
0.00940000 0.00940000 0.00156766 9
0.00950000 0.00950000 0.00161769 9
0.00960000 0.00960000 0.00166976 9
0.00970000 0.00970000 0.00172387 8
0.00980000 0.00980000 0.00178002 8
0.00990000 0.00990000 0.00183820 9
0.01000000 0.01000000 0.00189843 9
0.01010000 0.01010000 0.00196070 9
0.01020000 0.01020000 0.00202501 7
0.01030000 0.01030000 0.00209136 9
0.01040000 0.01040000 0.00215975 10
0.01050000 0.01050000 0.00223018 9
0.01060000 0.01060000 0.00230265 8
0.01070000 0.01070000 0.00237716 7
0.01080000 0.01080000 0.00245371 9
0.01090000 0.01090000 0.00253230 7
0.01100000 0.01100000 0.00261293 10
0.01110000 0.01110000 0.00269561 9
0.01120000 0.01120000 0.00278036 7
0.01130000 0.01130000 0.00286737 8
0.01140000 0.01140000 0.00295668 8
0.01150000 0.01150000 0.00304829 10
0.01160000 0.01160000 0.00314219 8
0.01170000 0.01170000 0.00323838 9
0.01180000 0.01180000 0.00333687 11
0.01190000 0.01190000 0.00343765 8
0.01200000 0.01200000 0.00354089 9
0.01210000 0.01210000 0.00364875 9
0.01220000 0.01220000 0.00376191 8
0.01230000 0.01230000 0.00388038 9
0.01240000 0.01240000 0.00400415 9
0.01250000 0.01250000 0.00413322 9
0.01260000 0.01260000 0.00426760 9
0.01270000 0.01270000 0.00440729 9
0.01280000 0.01280000 0.00455227 10
0.01290000 0.01290000 0.00470256 9
0.01300000 0.01300000 0.00485816 8
0.01310000 0.01310000 0.00501906 9
0.01320000 0.01320000 0.00518526 7
0.01330000 0.01330000 0.00535677 9
0.01340000 0.01340000 0.00553359 9

choose = 10
0.00090000 0.00090000 0.00148982 9
0.00100000 0.00100000 0.00115293 7
0.00110000 0.00110000 0.00107626 11
0.00120000 0.00120000 0.00101573 10
0.00130000 0.00130000 0.00096279 8
0.00140000 0.00140000 0.00091523 10
0.00150000 0.00150000 0.00087280 7
0.00160000 0.00160000 0.00083540 10
0.00170000 0.00170000 0.00080303 9
0.00180000 0.00180000 0.00077568 7
0.00190000 0.00190000 0.00075336 8
0.00200000 0.00200000 0.00073543 9
0.00210000 0.00210000 0.00072017 10
0.00220000 0.00220000 0.00070662 8
0.00230000 0.00230000 0.00069479 9
0.00240000 0.00240000 0.00068467 9
0.00250000 0.00250000 0.00067626 8
0.00260000 0.00260000 0.00066956 10
0.00270000 0.00270000 0.00066414 10
0.00280000 0.00280000 0.00065959 9
0.00290000 0.00290000 0.00065580 8
0.00300000 0.00300000 0.00065316 66
0.00310000 0.00310000 0.00065050 29
0.00320000 0.00320000 0.00064837 8
0.00330000 0.00330000 0.00064697 8
0.00340000 0.00340000 0.00064611 9
0.00350000 0.00350000 0.00064580 15
0.00360000 0.00360000 0.00064604 45
0.00370000 0.00370000 0.00064729 32
0.00380000 0.00380000 0.00064816 31
0.00390000 0.00390000 0.00064916 54
0.00400000 0.00400000 0.00065059 39
0.00410000 0.00410000 0.00065185 34
0.00420000 0.00420000 0.00065404 33
0.00430000 0.00430000 0.00065598 38
0.00440000 0.00440000 0.00065828 31
0.00450000 0.00450000 0.00066165 46
0.00460000 0.00460000 0.00066394 34
0.00470000 0.00470000 0.00066786 32
0.00480000 0.00480000 0.00067102 34
0.00490000 0.00490000 0.00067509 10
0.00500000 0.00500000 0.00067951 9
0.00510000 0.00510000 0.00068429 8
0.00520000 0.00520000 0.00068942 9
0.00530000 0.00530000 0.00069491 8
0.00540000 0.00540000 0.00070075 10
0.00550000 0.00550000 0.00070703 9
0.00560000 0.00560000 0.00071378 8
0.00570000 0.00570000 0.00072100 11
0.00580000 0.00580000 0.00072870 9
0.00590000 0.00590000 0.00073689 10
0.00600000 0.00600000 0.00074558 14
0.00610000 0.00610000 0.00075478 10
0.00620000 0.00620000 0.00076460 11
0.00630000 0.00630000 0.00077508 11
0.00640000 0.00640000 0.00078621 8
0.00650000 0.00650000 0.00079808 11
0.00660000 0.00660000 0.00081075 9
0.00670000 0.00670000 0.00082422 11
0.00680000 0.00680000 0.00083849 10
0.00690000 0.00690000 0.00085357 8
0.00700000 0.00700000 0.00086944 10
0.00710000 0.00710000 0.00088612 8
0.00720000 0.00720000 0.00090360 10
0.00730000 0.00730000 0.00092189 10
0.00740000 0.00740000 0.00094097 9
0.00750000 0.00750000 0.00096086 10
0.00760000 0.00760000 0.00098155 11
0.00770000 0.00770000 0.00100304 8
0.00780000 0.00780000 0.00102542 8
0.00790000 0.00790000 0.00104874 11
0.00800000 0.00800000 0.00107302 10
0.00810000 0.00810000 0.00109824 9
0.00820000 0.00820000 0.00112441 10
0.00830000 0.00830000 0.00115153 10
0.00840000 0.00840000 0.00117960 13
0.00850000 0.00850000 0.00120923 9
0.00860000 0.00860000 0.00124089 9
0.00870000 0.00870000 0.00127460 7
0.00880000 0.00880000 0.00131035 9
0.00890000 0.00890000 0.00134813 11
0.00900000 0.00900000 0.00138796 8
0.00910000 0.00910000 0.00142982 10
0.00920000 0.00920000 0.00147373 9
0.00930000 0.00930000 0.00151968 8
0.00940000 0.00940000 0.00156766 9
0.00950000 0.00950000 0.00161769 9
0.00960000 0.00960000 0.00166976 10
0.00970000 0.00970000 0.00172387 11
0.00980000 0.00980000 0.00178002 14
0.00990000 0.00990000 0.00183820 13
0.01000000 0.01000000 0.00189843 12
0.01010000 0.01010000 0.00196070 10
0.01020000 0.01020000 0.00202501 8
0.01030000 0.01030000 0.00209136 7
0.01040000 0.01040000 0.00215975 8
0.01050000 0.01050000 0.00223018 8
0.01060000 0.01060000 0.00230265 10
0.01070000 0.01070000 0.00237716 9
0.01080000 0.01080000 0.00245371 8
0.01090000 0.01090000 0.00253230 10
0.01100000 0.01100000 0.00261293 9
0.01110000 0.01110000 0.00269561 9
0.01120000 0.01120000 0.00278036 7
0.01130000 0.01130000 0.00286737 10
0.01140000 0.01140000 0.00295668 9
0.01150000 0.01150000 0.00304829 9
0.01160000 0.01160000 0.00314219 9
0.01170000 0.01170000 0.00323838 7
0.01180000 0.01180000 0.00333687 9
0.01190000 0.01190000 0.00343765 7
0.01200000 0.01200000 0.00354089 8
0.01210000 0.01210000 0.00364875 10
0.01220000 0.01220000 0.00376191 7
0.01230000 0.01230000 0.00388038 8
0.01240000 0.01240000 0.00400415 9
0.01250000 0.01250000 0.00413322 9
0.01260000 0.01260000 0.00426760 7
0.01270000 0.01270000 0.00440729 8
0.01280000 0.01280000 0.00455227 10
0.01290000 0.01290000 0.00470256 8
0.01300000 0.01300000 0.00485816 7
0.01310000 0.01310000 0.00501906 10
0.01320000 0.01320000 0.00518526 9
0.01330000 0.01330000 0.00535677 9
0.01340000 0.01340000 0.00553359 8

