0 -3.25514 1320
0.01 -0.128919 33867
0.02 -0.0800599 19719
0.03 -0.0594563 53264
0.04 -0.048541 47036
0.05 -0.0418499 62933
0.06 -0.0372874 71843
0.07 -0.0339478 66274
0.08 -0.0313735 45571
0.09 -0.0293115 61656
0.1 -0.0276081 41527
0.11 -0.0261655 65099
0.12 -0.0249197 86610
0.13 -0.023829 67738
0.14 -0.0228606 88927
0.15 -0.0219907 66949
0.16 -0.0212021 45132
0.17 -0.0204808 54572
0.18 -0.0198159 48037
0.19 -0.0191986 33182
0.2 -0.0186217 59456
0.21 -0.0180794 46197
0.22 -0.0175671 21225
0.23 -0.0170808 36475
0.24 -0.0166173 34324
0.25 -0.0161738 99770
0.26 -0.0157481 66755
0.27 -0.0153394 48389
0.28 -0.0149466 88835
0.29 -0.014568 54721
0.3 -0.0142022 39090
0.31 -0.0138479 88188
0.32 -0.0135041 74176
0.33 -0.0131699 81678
0.34 -0.0128443 88306
0.35 -0.0125266 60975
0.36 -0.0122163 34152
0.37 -0.0119126 26507
0.38 -0.011615 42141
0.39 -0.0113232 52058
0.4 -0.0110368 30927
0.41 -0.0107552 33422
0.42 -0.0104783 38164
0.43 -0.0102057 48310
0.44 -0.00993718 36394
0.45 -0.00967274 67974
0.46 -0.00941224 54224
0.47 -0.00915558 78381
0.48 -0.00890299 67992
0.49 -0.0086543 49691
0.5 -0.00840928 36080
0.51 -0.00816772 64806
0.52 -0.00792945 31887
0.53 -0.0076943 58424
0.54 -0.0074622 72429
0.55 -0.00723301 77315
0.56 -0.00700657 36283
0.57 -0.00678275 38153
0.58 -0.0065614 37501
0.59 -0.00634241 37313
0.6 -0.00612564 52221
0.61 -0.00591097 45712
0.62 -0.00569831 30165
0.63 -0.00548764 33517
0.64 -0.00527909 48720
0.65 -0.00507256 68139
0.66 -0.00486796 53965
0.67 -0.00466532 66730
0.68 -0.00446464 71011
0.69 -0.00426598 48841
0.7 -0.00406938 63692
0.71 -0.00387521 23166
0.72 -0.00368367 54404
0.73 -0.00349483 95154
0.74 -0.00330863 54206
0.75 -0.00312497 35304
0.76 -0.00294382 68334
0.77 -0.00276583 55938
0.78 -0.00259111 48343
0.79 -0.00241962 31742
0.8 -0.00225146 53179
0.81 -0.0020868 44958
0.82 -0.00192563 29140
0.83 -0.00176804 30098
0.84 -0.00161427 38380
0.85 -0.00146477 50723
0.86 -0.0013199 62062
0.87 -0.00118041 49322
0.88 -0.00104638 64692
0.89 -0.000917722 68252
0.9 -0.000794689 51641
0.91 -0.000677658 31799
0.92 -0.000566541 48675
0.93 -0.00046147 87011
0.94 -0.000362709 60254
0.95 -0.00027091 24428
0.96 -0.000186683 42003
0.97 -0.000111228 50286
0.98 -4.60831e-05 28487
0.99 6.06212e-06 44375
