0.00000000 -0.01970123 1071
0.01000000 -0.01932424 1162
0.02000000 -0.01894725 1194
0.03000000 -0.01857026 1175
0.04000000 -0.01819328 1180
0.05000000 -0.01781629 1162
0.06000000 -0.01743930 1192
0.07000000 -0.01706231 1159
0.08000000 -0.01668532 1197
0.09000000 -0.01630833 1197
0.10000000 -0.01593134 1196
0.11000000 -0.01555435 1191
0.12000000 -0.01517736 1188
0.13000000 -0.01480037 1170
0.14000000 -0.01442338 1167
0.15000000 -0.01404639 1178
0.16000000 -0.01366940 1188
0.17000000 -0.01329958 1182
0.18000000 -0.01294625 1180
0.19000000 -0.01260741 1200
0.20000000 -0.01228160 1191
0.21000000 -0.01196697 1197
0.22000000 -0.01166201 1160
0.23000000 -0.01136544 1183
0.24000000 -0.01107623 1189
0.25000000 -0.01079348 1188
0.26000000 -0.01051645 1187
0.27000000 -0.01024451 1165
0.28000000 -0.00997710 1196
0.29000000 -0.00971377 1199
0.30000000 -0.00945411 1172
0.31000000 -0.00919774 1190
0.32000000 -0.00894495 1192
0.33000000 -0.00869712 1199
0.34000000 -0.00845391 1186
0.35000000 -0.00821493 1183
0.36000000 -0.00797984 1181
0.37000000 -0.00774832 1190
0.38000000 -0.00752013 1197
0.39000000 -0.00729692 1171
0.40000000 -0.00707920 1182
0.41000000 -0.00686659 1171
0.42000000 -0.00665872 1189
0.43000000 -0.00645528 1185
0.44000000 -0.00625601 1189
0.45000000 -0.00606119 1184
0.46000000 -0.00587089 1195
0.47000000 -0.00568480 1207
0.48000000 -0.00550268 1188
0.49000000 -0.00532428 1174
0.50000000 -0.00514937 1183
0.51000000 -0.00497774 1181
0.52000000 -0.00480922 1175
0.53000000 -0.00464362 1198
0.54000000 -0.00448078 1191
0.55000000 -0.00432056 1179
0.56000000 -0.00416301 1186
0.57000000 -0.00400844 1180
0.58000000 -0.00385709 1177
0.59000000 -0.00370878 1187
0.60000000 -0.00356336 1177
0.61000000 -0.00342071 1184
0.62000000 -0.00328074 1204
0.63000000 -0.00314335 1204
0.64000000 -0.00300858 1181
0.65000000 -0.00287637 1183
0.66000000 -0.00274658 1197
0.67000000 -0.00261912 1199
0.68000000 -0.00249387 1209
0.69000000 -0.00237075 1203
0.70000000 -0.00224970 1183
0.71000000 -0.00213076 1202
0.72000000 -0.00201385 1201
0.73000000 -0.00189900 1193
0.74000000 -0.00178622 1196
0.75000000 -0.00167552 1198
0.76000000 -0.00156702 1193
0.77000000 -0.00146111 1177
0.78000000 -0.00135779 1180
0.79000000 -0.00125696 1194
0.80000000 -0.00115856 1191
0.81000000 -0.00106257 1198
0.82000000 -0.00096895 1197
0.83000000 -0.00087767 1164
0.84000000 -0.00078869 1201
0.85000000 -0.00070200 1200
0.86000000 -0.00061769 1173
0.87000000 -0.00053596 1210
0.88000000 -0.00045684 1194
0.89000000 -0.00038050 1192
0.90000000 -0.00030707 1177
0.91000000 -0.00023705 1186
0.92000000 -0.00017098 1191
0.93000000 -0.00010938 1188
0.94000000 -0.00005276 1198
0.95000000 -0.00000135 1177
0.96000000 0.00004456 1180
0.97000000 0.00008452 1209
0.98000000 0.00011826 1195
0.99000000 0.00014573 1191
