0 -0.0134348 4
0.01 -0.0132445 10
0.02 -0.0130542 11
0.03 -0.0128639 11
0.04 -0.0126736 13
0.05 -0.0124833 12
0.06 -0.012293 11
0.07 -0.0121026 12
0.08 -0.0119123 12
0.09 -0.011722 10
0.1 -0.0115317 10
0.11 -0.0113414 12
0.12 -0.0111511 12
0.13 -0.0109608 11
0.14 -0.0107705 10
0.15 -0.0105801 13
0.16 -0.0103898 13
0.17 -0.0101995 12
0.18 -0.0100092 12
0.19 -0.00981889 11
0.2 -0.00962858 12
0.21 -0.00943827 11
0.22 -0.00924795 10
0.23 -0.00905764 10
0.24 -0.00886733 12
0.25 -0.00867702 13
0.26 -0.00848671 14
0.27 -0.00829639 13
0.28 -0.00810608 11
0.29 -0.00791577 10
0.3 -0.00772546 22
0.31 -0.00753514 15
0.32 -0.00734483 15
0.33 -0.00715452 15
0.34 -0.00696421 15
0.35 -0.00677389 12
0.36 -0.00658401 15
0.37 -0.00639752 12
0.38 -0.00621476 15
0.39 -0.00603544 16
0.4 -0.0058593 15
0.41 -0.00568611 14
0.42 -0.00551565 14
0.43 -0.00534774 16
0.44 -0.0051822 12
0.45 -0.00501888 13
0.46 -0.00485763 14
0.47 -0.00469831 13
0.48 -0.00454082 12
0.49 -0.00438502 11
0.5 -0.00423158 14
0.51 -0.0040816 12
0.52 -0.00393491 14
0.53 -0.00379132 14
0.54 -0.00365066 14
0.55 -0.00351289 13
0.56 -0.00337806 13
0.57 -0.00324602 11
0.58 -0.00311663 11
0.59 -0.00298975 10
0.6 -0.00286526 13
0.61 -0.00274303 11
0.62 -0.00262297 10
0.63 -0.00250497 11
0.64 -0.00238892 12
0.65 -0.00227475 12
0.66 -0.00216236 10
0.67 -0.00205167 10
0.68 -0.00194262 11
0.69 -0.00183513 11
0.7 -0.00172912 11
0.71 -0.00162455 10
0.72 -0.00152135 12
0.73 -0.00141946 12
0.74 -0.00131883 18
0.75 -0.00121941 16
0.76 -0.00112115 16
0.77 -0.00102401 11
0.78 -0.000927957 10
0.79 -0.000833716 10
0.8 -0.000741613 12
0.81 -0.000651569 12
0.82 -0.000563509 11
0.83 -0.000477506 10
0.84 -0.000393684 12
0.85 -0.000311966 10
0.86 -0.000232278 6
0.87 -0.000154551 10
0.88 -7.87177e-05 9
0.89 -4.71454e-06 8
0.9 6.75059e-05 8
0.91 0.000137741 7
0.92 0.00020588 8
0.93 0.000271526 7
0.94 0.000334589 8
0.95 0.000394949 8
0.96 0.000452075 8
0.97 0.000505907 6
0.98 0.000556093 8
0.99 0.000602688 10
