0.0001 0.00010000 0.00007582 16177
0.00020000 0.00020000 0.00007233 20540
0.00030000 0.00030000 0.00006917 28523
0.00040000 0.00040000 0.00006631 20734
0.00050000 0.00050000 0.00006374 24075
0.00060000 0.00060000 0.00006143 11497
0.00070000 0.00070000 0.00005933 41835
0.00080000 0.00080000 0.00005745 59584
0.00090000 0.00090000 0.00005579 40808
0.00100000 0.00100000 0.00005431 27682
0.00110000 0.00110000 0.00005300 59870
0.00120000 0.00120000 0.00005184 35373
0.00130000 0.00130000 0.00005085 41068
0.00140000 0.00140000 0.00004999 29436
0.00150000 0.00150000 0.00004925 15178
0.00160000 0.00160000 0.00004861 25367
0.00170000 0.00170000 0.00004807 26359
0.00180000 0.00180000 0.00004761 20440
0.00190000 0.00190000 0.00004724 19703
0.00200000 0.00200000 0.00004695 13015
0.00210000 0.00210000 0.00004672 26460
0.00220000 0.00220000 0.00004655 13385
0.00230000 0.00230000 0.00004643 23309
0.00240000 0.00240000 0.00004638 24990
0.00250000 0.00250000 0.00004639 26280
0.00260000 0.00260000 0.00004646 26357
0.00270000 0.00270000 0.00004661 24491
0.00280000 0.00280000 0.00004682 19952
0.00290000 0.00290000 0.00004709 28310
0.00300000 0.00300000 0.00004743 32758
0.00310000 0.00310000 0.00004782 30538
0.00320000 0.00320000 0.00004827 21080
0.00330000 0.00330000 0.00004877 14913
0.00340000 0.00340000 0.00004933 24452
0.00350000 0.00350000 0.00004995 19411
0.00360000 0.00360000 0.00005063 17894
0.00370000 0.00370000 0.00005136 21458
0.00380000 0.00380000 0.00005215 21363
0.00390000 0.00390000 0.00005302 10456
0.00400000 0.00400000 0.00005395 11443
0.00410000 0.00410000 0.00005494 12793
0.00420000 0.00420000 0.00005601 12969
0.00430000 0.00430000 0.00005713 12671
0.00440000 0.00440000 0.00005832 12742
0.00450000 0.00450000 0.00005958 22859
0.00460000 0.00460000 0.00006091 11883
0.00470000 0.00470000 0.00006231 14807
0.00480000 0.00480000 0.00006378 17843
0.00490000 0.00490000 0.00006532 32634
0.00500000 0.00500000 0.00006693 34659
0.00510000 0.00510000 0.00006862 10849
0.00520000 0.00520000 0.00007038 41574
0.00530000 0.00530000 0.00007222 27870
0.00540000 0.00540000 0.00007414 9871
0.00550000 0.00550000 0.00007613 17202
0.00560000 0.00560000 0.00007820 18376
0.00570000 0.00570000 0.00008034 17970
0.00580000 0.00580000 0.00008257 9760
0.00590000 0.00590000 0.00008487 14399
0.00600000 0.00600000 0.00008725 8908
0.00610000 0.00610000 0.00008972 9552
0.00620000 0.00620000 0.00009227 14314
0.00630000 0.00630000 0.00009490 21955
0.00640000 0.00640000 0.00009763 7565
0.00650000 0.00650000 0.00010044 24389
0.00660000 0.00660000 0.00010333 16264
0.00670000 0.00670000 0.00010631 28971
0.00680000 0.00680000 0.00010938 40571
0.00690000 0.00690000 0.00011255 16978
0.00700000 0.00700000 0.00011580 20076
0.00710000 0.00710000 0.00011916 37471
0.00720000 0.00720000 0.00012262 43779
0.00730000 0.00730000 0.00012619 24118
0.00740000 0.00740000 0.00012987 19307
0.00750000 0.00750000 0.00013366 18850
0.00760000 0.00760000 0.00013758 15434
0.00770000 0.00770000 0.00014162 13538
0.00780000 0.00780000 0.00014578 17494
0.00790000 0.00790000 0.00015007 12495
0.00800000 0.00800000 0.00015449 11469
0.00810000 0.00810000 0.00015903 18523
0.00820000 0.00820000 0.00016372 19829
0.00830000 0.00830000 0.00016855 25914
0.00840000 0.00840000 0.00017354 19050
0.00850000 0.00850000 0.00017867 21075
0.00860000 0.00860000 0.00018395 17853
0.00870000 0.00870000 0.00018939 12519
0.00880000 0.00880000 0.00019498 33615
0.00890000 0.00890000 0.00020072 32832
0.00900000 0.00900000 0.00020663 43440
0.00910000 0.00910000 0.00021270 26277
0.00920000 0.00920000 0.00021893 33364
0.00930000 0.00930000 0.00022532 19041
0.00940000 0.00940000 0.00023187 37220
0.00950000 0.00950000 0.00023858 16721
0.00960000 0.00960000 0.00024547 20089
0.00970000 0.00970000 0.00025253 16025
0.00980000 0.00980000 0.00025977 13238
0.00990000 0.00990000 0.00026719 13437
0.01000000 0.01000000 0.00027481 12432
0.01010000 0.01010000 0.00028262 20318
0.01020000 0.01020000 0.00029064 20272
0.01030000 0.01030000 0.00029886 19821
0.01040000 0.01040000 0.00030730 23497
0.01050000 0.01050000 0.00031597 39005
0.01060000 0.01060000 0.00032489 28380
0.01070000 0.01070000 0.00033407 18352
0.01080000 0.01080000 0.00034349 40434
0.01090000 0.01090000 0.00035315 55058
0.01100000 0.01100000 0.00036307 47840
0.01110000 0.01110000 0.00037323 49782
0.01120000 0.01120000 0.00038364 46434
0.01130000 0.01130000 0.00039430 37269
0.01140000 0.01140000 0.00040520 16480
0.01150000 0.01150000 0.00041634 24757
0.01160000 0.01160000 0.00042773 22027
0.01170000 0.01170000 0.00043937 13186
0.01180000 0.01180000 0.00045126 10986
0.01190000 0.01190000 0.00046340 17519
0.01200000 0.01200000 0.00047580 21426
0.01210000 0.01210000 0.00048846 11145
0.01220000 0.01220000 0.00050137 17689
0.01230000 0.01230000 0.00051455 14091
0.01240000 0.01240000 0.00052799 19104
0.01250000 0.01250000 0.00054172 25583
0.01260000 0.01260000 0.00055572 9938
0.01270000 0.01270000 0.00056999 20077
0.01280000 0.01280000 0.00058455 25575
0.01290000 0.01290000 0.00059940 26735
0.01300000 0.01300000 0.00061454 16784
0.01310000 0.01310000 0.00063000 41596
0.01320000 0.01320000 0.00064577 25331
0.01330000 0.01330000 0.00066187 42121
0.01340000 0.01340000 0.00067832 33910
0.01350000 0.01350000 0.00069510 18267
0.01360000 0.01360000 0.00071221 17695
0.01370000 0.01370000 0.00072967 15569
0.01380000 0.01380000 0.00074747 19232
0.01390000 0.01390000 0.00076562 7622
0.01400000 0.01400000 0.00078412 14460
0.01410000 0.01410000 0.00080299 29045
0.01420000 0.01420000 0.00082225 41668
0.01430000 0.01430000 0.00084191 22731
0.01440000 0.01440000 0.00086203 17291
0.01450000 0.01450000 0.00088267 19707
0.01460000 0.01460000 0.00090384 25588
0.01470000 0.01470000 0.00092554 16649
0.01480000 0.01480000 0.00094778 22012
0.01490000 0.01490000 0.00097057 16358
0.01500000 0.01500000 0.00099392 20306
0.01510000 0.01510000 0.00101784 38279
0.01520000 0.01520000 0.00104236 48035
0.01530000 0.01530000 0.00106748 37865
0.01540000 0.01540000 0.00109319 21847
0.01550000 0.01550000 0.00111952 18911
0.01560000 0.01560000 0.00114650 15402
0.01570000 0.01570000 0.00117416 21553
0.01580000 0.01580000 0.00120252 12127
0.01590000 0.01590000 0.00123162 21038
0.01600000 0.01600000 0.00126146 13744
0.01610000 0.01610000 0.00129206 13139
0.01620000 0.01620000 0.00132342 17015
0.01630000 0.01630000 0.00135554 11600
0.01640000 0.01640000 0.00138843 14641
0.01650000 0.01650000 0.00142212 9918
0.01660000 0.01660000 0.00145668 13358
0.01670000 0.01670000 0.00149216 46571
0.01680000 0.01680000 0.00152854 40735
0.01690000 0.01690000 0.00156585 23435
0.01700000 0.01700000 0.00160409 27907
0.01710000 0.01710000 0.00164329 12750
0.01720000 0.01720000 0.00168347 19528
0.01730000 0.01730000 0.00172466 20424
0.01740000 0.01740000 0.00176687 20886
0.01750000 0.01750000 0.00181011 26688
0.01760000 0.01760000 0.00185442 13820
0.01770000 0.01770000 0.00189983 9084
0.01780000 0.01780000 0.00194636 12769
0.01790000 0.01790000 0.00199402 17563
0.01800000 0.01800000 0.00204283 11801
0.01810000 0.01810000 0.00209281 18415
0.01820000 0.01820000 0.00214401 14261
0.01830000 0.01830000 0.00219650 14238
0.01840000 0.01840000 0.00225031 16605
0.01850000 0.01850000 0.00230545 14189
0.01860000 0.01860000 0.00236203 29902
0.01870000 0.01870000 0.00242005 19445
0.01880000 0.01880000 0.00247961 12159
0.01890000 0.01890000 0.00254101 31789
0.01900000 0.01900000 0.00260429 20140
0.01910000 0.01910000 0.00266948 68271
0.01920000 0.01920000 0.00273668 23313
0.01930000 0.01930000 0.00280589 41345
0.01940000 0.01940000 0.00287747 16805
0.01950000 0.01950000 0.00295178 21464
0.01960000 0.01960000 0.00302886 18657
0.01970000 0.01970000 0.00310872 13831
0.01980000 0.01980000 0.00319135 10466
0.01990000 0.01990000 0.00327677 15597
0.02000000 0.02000000 0.00336496 20356
