0.0003 0.00554845 0.00030000 19
0.00040000 0.00644450 0.00040000 23
0.00050000 0.00703393 0.00049999 28
0.00060000 0.00747604 0.00060000 29
0.00070000 0.00780540 0.00070000 22
0.00080000 0.00805280 0.00080000 25
0.00090000 0.00825467 0.00089999 24
0.00100000 0.00842854 0.00099999 24
0.00110000 0.00856882 0.00110000 22
0.00120000 0.00868473 0.00120000 24
0.00130000 0.00878602 0.00130000 20
0.00140000 0.00887430 0.00139993 23
0.00150000 0.00894864 0.00149997 23
0.00160000 0.00900904 0.00159999 22
0.00170000 0.00901743 0.00161518 19
0.00180000 0.00901743 0.00161518 18
0.00190000 0.00901743 0.00161518 15
