0 -0.00481365 6
0.01 -0.00474838 87
0.02 -0.00468312 48
0.03 -0.00461786 50
0.04 -0.0045526 46
0.05 -0.00448733 53
0.06 -0.00442207 45
0.07 -0.00435681 68
0.08 -0.00429155 58
0.09 -0.00422628 49
0.1 -0.00416102 62
0.11 -0.00409576 47
0.12 -0.0040305 50
0.13 -0.00396524 50
0.14 -0.00389997 46
0.15 -0.00383471 45
0.16 -0.00376945 48
0.17 -0.00370419 45
0.18 -0.00363892 49
0.19 -0.00357375 51
0.2 -0.00350919 50
0.21 -0.00344539 56
0.22 -0.0033825 50
0.23 -0.00332038 48
0.24 -0.00325894 58
0.25 -0.00319811 45
0.26 -0.0031378 45
0.27 -0.00307797 44
0.28 -0.00301855 54
0.29 -0.00295952 51
0.3 -0.00290082 51
0.31 -0.00284244 52
0.32 -0.00278433 58
0.33 -0.00272647 53
0.34 -0.00266884 46
0.35 -0.00261143 49
0.36 -0.0025542 66
0.37 -0.00249716 49
0.38 -0.00244028 47
0.39 -0.00238355 58
0.4 -0.00232696 49
0.41 -0.00227049 56
0.42 -0.00221415 49
0.43 -0.00215792 54
0.44 -0.00210185 55
0.45 -0.00204624 55
0.46 -0.0019911 52
0.47 -0.00193642 50
0.48 -0.00188216 55
0.49 -0.00182834 57
0.5 -0.00177495 68
0.51 -0.00172196 73
0.52 -0.00166935 53
0.53 -0.0016171 57
0.54 -0.00156518 48
0.55 -0.00151359 50
0.56 -0.00146229 49
0.57 -0.00141128 48
0.58 -0.00136054 53
0.59 -0.00131006 49
0.6 -0.00125982 49
0.61 -0.00120982 49
0.62 -0.00116004 47
0.63 -0.00111046 56
0.64 -0.00106109 55
0.65 -0.00101192 65
0.66 -0.000962996 50
0.67 -0.000914325 46
0.68 -0.000865895 49
0.69 -0.000817695 57
0.7 -0.000769719 54
0.71 -0.000722008 53
0.72 -0.000674567 48
0.73 -0.000627386 52
0.74 -0.000580453 50
0.75 -0.00053376 71
0.76 -0.000487296 47
0.77 -0.000441053 52
0.78 -0.000395022 49
0.79 -0.000349195 48
0.8 -0.000303565 47
0.81 -0.000258123 46
0.82 -0.000212961 50
0.83 -0.000168606 60
0.84 -0.000125114 62
0.85 -8.2455e-05 49
0.86 -4.10743e-05 50
0.87 -1.36886e-06 48
0.88 3.64196e-05 50
0.89 7.21615e-05 50
0.9 0.00010593 53
0.91 0.000137827 50
0.92 0.000167727 52
0.93 0.000195198 64
0.94 0.000220121 51
0.95 0.000242397 59
0.96 0.000261783 49
0.97 0.00027831 49
0.98 0.000292065 50
0.99 0.000303356 53
