0.0001 0.00010000 0.00033720 16
0.00020000 0.00020000 0.00032233 16
0.00030000 0.00030000 0.00030905 15
0.00040000 0.00040000 0.00029732 16
0.00050000 0.00050000 0.00028684 16
0.00060000 0.00060000 0.00027750 15
0.00070000 0.00070000 0.00026924 16
0.00080000 0.00080000 0.00026193 16
0.00090000 0.00090000 0.00025539 17
0.00100000 0.00100000 0.00024951 18
0.00110000 0.00110000 0.00024415 17
0.00120000 0.00120000 0.00023918 18
0.00130000 0.00130000 0.00023457 23
0.00140000 0.00140000 0.00023029 17
0.00150000 0.00150000 0.00022632 14
0.00160000 0.00160000 0.00022265 16
0.00170000 0.00170000 0.00021930 15
0.00180000 0.00180000 0.00021625 15
0.00190000 0.00190000 0.00021351 17
0.00200000 0.00200000 0.00021107 14
0.00210000 0.00210000 0.00020895 16
0.00220000 0.00220000 0.00020713 13
0.00230000 0.00230000 0.00020562 15
0.00240000 0.00240000 0.00020443 16
0.00250000 0.00250000 0.00020357 16
0.00260000 0.00260000 0.00020301 14
0.00270000 0.00270000 0.00020273 14
0.00280000 0.00280000 0.00020269 14
0.00290000 0.00290000 0.00020281 14
0.00300000 0.00300000 0.00020311 14
0.00310000 0.00310000 0.00020359 13
0.00320000 0.00320000 0.00020429 14
0.00330000 0.00330000 0.00020523 15
0.00340000 0.00340000 0.00020641 16
0.00350000 0.00350000 0.00020783 16
0.00360000 0.00360000 0.00020950 16
0.00370000 0.00370000 0.00021142 15
0.00380000 0.00380000 0.00021358 14
0.00390000 0.00390000 0.00021603 15
0.00400000 0.00400000 0.00021878 15
0.00410000 0.00410000 0.00022181 15
0.00420000 0.00420000 0.00022516 15
0.00430000 0.00430000 0.00022881 17
0.00440000 0.00440000 0.00023278 14
0.00450000 0.00450000 0.00023702 15
0.00460000 0.00460000 0.00024153 16
0.00470000 0.00470000 0.00024631 13
0.00480000 0.00480000 0.00025136 14
0.00490000 0.00490000 0.00025670 16
0.00500000 0.00500000 0.00026233 15
0.00510000 0.00510000 0.00026829 16
0.00520000 0.00520000 0.00027460 16
0.00530000 0.00530000 0.00028127 15
0.00540000 0.00540000 0.00028840 14
0.00550000 0.00550000 0.00029608 15
0.00560000 0.00560000 0.00030431 14
0.00570000 0.00570000 0.00031312 14
0.00580000 0.00580000 0.00032250 15
0.00590000 0.00590000 0.00033256 16
0.00600000 0.00600000 0.00034331 18
0.00610000 0.00610000 0.00035475 16
0.00620000 0.00620000 0.00036694 17
0.00630000 0.00630000 0.00037989 15
0.00640000 0.00640000 0.00039363 15
0.00650000 0.00650000 0.00040816 17
0.00660000 0.00660000 0.00042350 15
0.00670000 0.00670000 0.00043965 16
0.00680000 0.00680000 0.00045660 15
0.00690000 0.00690000 0.00047438 16
0.00700000 0.00700000 0.00049316 17
0.00710000 0.00710000 0.00051317 19
0.00720000 0.00720000 0.00053439 19
0.00730000 0.00730000 0.00055685 17
0.00740000 0.00740000 0.00058063 17
0.00750000 0.00750000 0.00060633 22
0.00760000 0.00760000 0.00063416 25
0.00770000 0.00770000 0.00066445 15
0.00780000 0.00780000 0.00069803 15
0.00790000 0.00790000 0.00073533 16
0.00800000 0.00800000 0.00077657 16
0.00810000 0.00810000 0.00082176 17
0.00820000 0.00820000 0.00087106 18
0.00830000 0.00830000 0.00092456 17
0.00840000 0.00840000 0.00098224 16
0.00850000 0.00850000 0.00104800 15
0.00860000 0.00860000 0.00112533 17
0.00870000 0.00870000 0.00121424 16
0.00880000 0.00880000 0.00131472 14
0.00890000 0.00890000 0.00142993 14
0.00900000 0.00900000 0.00158382 14
