0.00000000 -0.01125714 38
0.01000000 -0.01111664 44
0.02000000 -0.01097614 48
0.03000000 -0.01083564 43
0.04000000 -0.01069514 46
0.05000000 -0.01055464 45
0.06000000 -0.01041415 44
0.07000000 -0.01027365 43
0.08000000 -0.01013315 47
0.09000000 -0.00999265 43
0.10000000 -0.00985215 45
0.11000000 -0.00971165 44
0.12000000 -0.00957116 44
0.13000000 -0.00943066 45
0.14000000 -0.00929016 45
0.15000000 -0.00914966 45
0.16000000 -0.00900916 48
0.17000000 -0.00886866 47
0.18000000 -0.00872816 48
0.19000000 -0.00858767 46
0.20000000 -0.00844717 46
0.21000000 -0.00830667 43
0.22000000 -0.00816617 47
0.23000000 -0.00802567 44
0.24000000 -0.00788573 46
0.25000000 -0.00774803 45
0.26000000 -0.00761242 44
0.27000000 -0.00747867 46
0.28000000 -0.00734660 44
0.29000000 -0.00721601 47
0.30000000 -0.00708678 45
0.31000000 -0.00695875 45
0.32000000 -0.00683183 45
0.33000000 -0.00670590 44
0.34000000 -0.00658089 43
0.35000000 -0.00645671 44
0.36000000 -0.00633330 44
0.37000000 -0.00621059 46
0.38000000 -0.00608852 45
0.39000000 -0.00596706 45
0.40000000 -0.00584615 45
0.41000000 -0.00572574 47
0.42000000 -0.00560582 46
0.43000000 -0.00548633 44
0.44000000 -0.00536726 46
0.45000000 -0.00524857 45
0.46000000 -0.00513024 45
0.47000000 -0.00501225 46
0.48000000 -0.00489458 45
0.49000000 -0.00477720 45
0.50000000 -0.00466009 44
0.51000000 -0.00454325 44
0.52000000 -0.00442692 44
0.53000000 -0.00431129 44
0.54000000 -0.00419633 43
0.55000000 -0.00408201 47
0.56000000 -0.00396830 47
0.57000000 -0.00385515 46
0.58000000 -0.00374254 47
0.59000000 -0.00363045 46
0.60000000 -0.00351884 46
0.61000000 -0.00340770 47
0.62000000 -0.00329699 43
0.63000000 -0.00318670 43
0.64000000 -0.00307682 44
0.65000000 -0.00296732 45
0.66000000 -0.00285819 44
0.67000000 -0.00274940 44
0.68000000 -0.00264094 45
0.69000000 -0.00253281 45
0.70000000 -0.00242497 44
0.71000000 -0.00231743 45
0.72000000 -0.00221017 45
0.73000000 -0.00210335 45
0.74000000 -0.00199736 47
0.75000000 -0.00189218 44
0.76000000 -0.00178779 45
0.77000000 -0.00168415 43
0.78000000 -0.00158123 44
0.79000000 -0.00147905 45
0.80000000 -0.00137783 45
0.81000000 -0.00127755 46
0.82000000 -0.00117819 47
0.83000000 -0.00107970 46
0.84000000 -0.00098207 44
0.85000000 -0.00088526 44
0.86000000 -0.00079002 47
0.87000000 -0.00069683 44
0.88000000 -0.00060642 46
0.89000000 -0.00051919 46
0.90000000 -0.00043557 46
0.91000000 -0.00035559 44
0.92000000 -0.00027970 49
0.93000000 -0.00020831 46
0.94000000 -0.00014142 45
0.95000000 -0.00007961 45
0.96000000 -0.00002322 45
0.97000000 0.00002717 45
0.98000000 0.00007108 45
0.99000000 0.00010844 44
