0.0001 0.00010000 0.00007304 54154
0.00020000 0.00020000 0.00006953 44246
0.00030000 0.00030000 0.00006630 31690
0.00040000 0.00040000 0.00006331 38922
0.00050000 0.00050000 0.00006057 87144
0.00060000 0.00060000 0.00005807 121290
0.00070000 0.00070000 0.00005580 80043
0.00080000 0.00080000 0.00005374 88667
0.00090000 0.00090000 0.00005189 67406
0.00100000 0.00100000 0.00005023 116047
0.00110000 0.00110000 0.00004876 111740
0.00120000 0.00120000 0.00004744 79034
0.00130000 0.00130000 0.00004626 140411
0.00140000 0.00140000 0.00004521 35744
0.00150000 0.00150000 0.00004429 101784
0.00160000 0.00160000 0.00004348 95024
0.00170000 0.00170000 0.00004278 58335
0.00180000 0.00180000 0.00004220 67530
0.00190000 0.00190000 0.00004172 33468
0.00200000 0.00200000 0.00004132 46618
0.00210000 0.00210000 0.00004100 46254
0.00220000 0.00220000 0.00004075 32747
0.00230000 0.00230000 0.00004057 55410
0.00240000 0.00240000 0.00004046 29130
0.00250000 0.00250000 0.00004042 40489
0.00260000 0.00260000 0.00004043 49787
0.00270000 0.00270000 0.00004050 45869
0.00280000 0.00280000 0.00004065 43941
0.00290000 0.00290000 0.00004086 51253
0.00300000 0.00300000 0.00004113 67827
0.00310000 0.00310000 0.00004146 106879
0.00320000 0.00320000 0.00004186 75160
0.00330000 0.00330000 0.00004231 116341
0.00340000 0.00340000 0.00004281 118672
0.00350000 0.00350000 0.00004336 44867
0.00360000 0.00360000 0.00004396 61180
0.00370000 0.00370000 0.00004461 57023
0.00380000 0.00380000 0.00004532 50321
0.00390000 0.00390000 0.00004607 45072
0.00400000 0.00400000 0.00004687 39857
0.00410000 0.00410000 0.00004771 46602
0.00420000 0.00420000 0.00004861 52422
0.00430000 0.00430000 0.00004957 37602
0.00440000 0.00440000 0.00005058 30559
0.00450000 0.00450000 0.00005164 58139
0.00460000 0.00460000 0.00005277 56058
0.00470000 0.00470000 0.00005396 76605
0.00480000 0.00480000 0.00005521 61478
0.00490000 0.00490000 0.00005652 47982
0.00500000 0.00500000 0.00005789 74634
0.00510000 0.00510000 0.00005933 108910
0.00520000 0.00520000 0.00006083 86224
0.00530000 0.00530000 0.00006241 54994
0.00540000 0.00540000 0.00006405 96202
0.00550000 0.00550000 0.00006577 43690
0.00560000 0.00560000 0.00006756 59407
0.00570000 0.00570000 0.00006942 61744
0.00580000 0.00580000 0.00007137 42202
0.00590000 0.00590000 0.00007339 51054
0.00600000 0.00600000 0.00007549 41932
0.00610000 0.00610000 0.00007769 40839
0.00620000 0.00620000 0.00007998 42984
0.00630000 0.00630000 0.00008237 40782
0.00640000 0.00640000 0.00008486 46663
0.00650000 0.00650000 0.00008745 65698
0.00660000 0.00660000 0.00009013 75130
0.00670000 0.00670000 0.00009290 55177
0.00680000 0.00680000 0.00009577 59167
0.00690000 0.00690000 0.00009875 46072
0.00700000 0.00700000 0.00010184 124032
0.00710000 0.00710000 0.00010503 84566
0.00720000 0.00720000 0.00010834 128233
0.00730000 0.00730000 0.00011176 118888
0.00740000 0.00740000 0.00011529 80398
0.00750000 0.00750000 0.00011893 73356
0.00760000 0.00760000 0.00012269 64518
0.00770000 0.00770000 0.00012658 62048
0.00780000 0.00780000 0.00013058 55735
0.00790000 0.00790000 0.00013471 48341
0.00800000 0.00800000 0.00013897 43020
0.00810000 0.00810000 0.00014337 54613
0.00820000 0.00820000 0.00014790 48917
0.00830000 0.00830000 0.00015258 58745
0.00840000 0.00840000 0.00015740 47265
0.00850000 0.00850000 0.00016237 67591
0.00860000 0.00860000 0.00016748 56330
0.00870000 0.00870000 0.00017275 62276
0.00880000 0.00880000 0.00017817 32856
0.00890000 0.00890000 0.00018375 92695
0.00900000 0.00900000 0.00018949 74704
0.00910000 0.00910000 0.00019541 78659
0.00920000 0.00920000 0.00020150 68221
0.00930000 0.00930000 0.00020776 113128
0.00940000 0.00940000 0.00021419 63139
0.00950000 0.00950000 0.00022079 66070
0.00960000 0.00960000 0.00022756 54371
0.00970000 0.00970000 0.00023452 53027
0.00980000 0.00980000 0.00024165 59262
0.00990000 0.00990000 0.00024898 51826
0.01000000 0.01000000 0.00025651 35444
0.01010000 0.01010000 0.00026424 35928
0.01020000 0.01020000 0.00027219 33306
0.01030000 0.01030000 0.00028033 38070
0.01040000 0.01040000 0.00028869 31473
0.01050000 0.01050000 0.00029724 52090
0.01060000 0.01060000 0.00030600 63975
0.01070000 0.01070000 0.00031498 71373
0.01080000 0.01080000 0.00032419 72652
0.01090000 0.01090000 0.00033362 60105
0.01100000 0.01100000 0.00034327 41851
0.01110000 0.01110000 0.00035314 58791
0.01120000 0.01120000 0.00036324 85454
0.01130000 0.01130000 0.00037356 72033
0.01140000 0.01140000 0.00038411 81669
0.01150000 0.01150000 0.00039489 67104
0.01160000 0.01160000 0.00040590 40974
0.01170000 0.01170000 0.00041714 47749
0.01180000 0.01180000 0.00042860 50357
0.01190000 0.01190000 0.00044029 30625
0.01200000 0.01200000 0.00045221 55613
0.01210000 0.01210000 0.00046437 43914
0.01220000 0.01220000 0.00047678 35079
0.01230000 0.01230000 0.00048945 58618
0.01240000 0.01240000 0.00050240 57201
0.01250000 0.01250000 0.00051562 65102
0.01260000 0.01260000 0.00052912 35896
0.01270000 0.01270000 0.00054288 41959
0.01280000 0.01280000 0.00055692 51361
0.01290000 0.01290000 0.00057123 104085
0.01300000 0.01300000 0.00058582 87901
0.01310000 0.01310000 0.00060068 88040
0.01320000 0.01320000 0.00061583 78626
0.01330000 0.01330000 0.00063126 59001
0.01340000 0.01340000 0.00064696 38341
0.01350000 0.01350000 0.00066294 61637
0.01360000 0.01360000 0.00067921 61257
0.01370000 0.01370000 0.00069576 37501
0.01380000 0.01380000 0.00071262 51804
0.01390000 0.01390000 0.00072980 40491
0.01400000 0.01400000 0.00074733 46827
0.01410000 0.01410000 0.00076523 25201
0.01420000 0.01420000 0.00078350 39812
0.01430000 0.01430000 0.00080213 32101
0.01440000 0.01440000 0.00082113 24621
0.01450000 0.01450000 0.00084054 36255
0.01460000 0.01460000 0.00086037 32545
0.01470000 0.01470000 0.00088067 56919
0.01480000 0.01480000 0.00090143 52712
0.01490000 0.01490000 0.00092265 58799
0.01500000 0.01500000 0.00094435 70916
0.01510000 0.01510000 0.00096657 72591
0.01520000 0.01520000 0.00098932 62010
0.01530000 0.01530000 0.00101260 102605
0.01540000 0.01540000 0.00103642 64584
0.01550000 0.01550000 0.00106078 48632
0.01560000 0.01560000 0.00108570 43649
0.01570000 0.01570000 0.00111118 49254
0.01580000 0.01580000 0.00113723 51807
0.01590000 0.01590000 0.00116389 30254
0.01600000 0.01600000 0.00119117 45171
0.01610000 0.01610000 0.00121909 47186
0.01620000 0.01620000 0.00124766 65552
0.01630000 0.01630000 0.00127691 64078
0.01640000 0.01640000 0.00130682 43977
0.01650000 0.01650000 0.00133740 70071
0.01660000 0.01660000 0.00136865 37941
0.01670000 0.01670000 0.00140060 66934
0.01680000 0.01680000 0.00143338 40265
0.01690000 0.01690000 0.00146713 66520
0.01700000 0.01700000 0.00150185 58525
0.01710000 0.01710000 0.00153755 138707
0.01720000 0.01720000 0.00157422 64382
0.01730000 0.01730000 0.00161187 67564
0.01740000 0.01740000 0.00165049 83810
0.01750000 0.01750000 0.00169009 70230
0.01760000 0.01760000 0.00173075 43832
0.01770000 0.01770000 0.00177247 86363
0.01780000 0.01780000 0.00181532 62262
0.01790000 0.01790000 0.00185945 67366
0.01800000 0.01800000 0.00190507 53553
0.01810000 0.01810000 0.00195226 36735
0.01820000 0.01820000 0.00200106 36262
0.01830000 0.01830000 0.00205158 31957
0.01840000 0.01840000 0.00210386 57877
0.01850000 0.01850000 0.00215802 55434
0.01860000 0.01860000 0.00221407 57980
0.01870000 0.01870000 0.00227200 63024
0.01880000 0.01880000 0.00233182 64422
0.01890000 0.01890000 0.00239370 61555
0.01900000 0.01900000 0.00245777 76048
0.01910000 0.01910000 0.00252405 64392
0.01920000 0.01920000 0.00259252 57160
0.01930000 0.01930000 0.00266320 39540
0.01940000 0.01940000 0.00273605 120382
0.01950000 0.01950000 0.00281107 87054
0.01960000 0.01960000 0.00288828 53889
0.01970000 0.01970000 0.00296767 39868
0.01980000 0.01980000 0.00304924 38495
0.01990000 0.01990000 0.00313299 38746
0.02000000 0.02000000 0.00321893 64293
