0.0001 0.00648447 0.00010000 1765
0.00020000 0.00888362 0.00020000 1750
0.00030000 0.01031336 0.00030000 1796
0.00040000 0.01135241 0.00040000 2166
0.00050000 0.01218601 0.00050000 2172
0.00060000 0.01290285 0.00060000 1956
0.00070000 0.01352878 0.00070000 2031
0.00080000 0.01408383 0.00080000 4449
0.00090000 0.01458188 0.00090000 11349
0.00100000 0.01502147 0.00100001 13546
0.00110000 0.01542057 0.00110000 9899
0.00120000 0.01579110 0.00120000 9426
0.00130000 0.01612540 0.00130000 14972
0.00140000 0.01643227 0.00140001 14558
0.00150000 0.01672156 0.00150000 11045
0.00160000 0.01698870 0.00159999 10558
0.00170000 0.01723931 0.00170000 19945
0.00180000 0.01747024 0.00179999 13291
0.00190000 0.01769949 0.00190000 20238
