0.0001 0.00010000 0.00031751 59
0.00020000 0.00020000 0.00031540 50
0.00030000 0.00030000 0.00031386 53
0.00040000 0.00040000 0.00031290 51
0.00050000 0.00050000 0.00031254 54
0.00060000 0.00060000 0.00031277 58
0.00070000 0.00070000 0.00031349 71
0.00080000 0.00080000 0.00031470 63
0.00090000 0.00090000 0.00031640 50
0.00100000 0.00100000 0.00031855 47
0.00110000 0.00110000 0.00032109 51
0.00120000 0.00120000 0.00032403 49
0.00130000 0.00130000 0.00032737 55
0.00140000 0.00140000 0.00033110 55
0.00150000 0.00150000 0.00033522 62
0.00160000 0.00160000 0.00033974 70
0.00170000 0.00170000 0.00034466 69
0.00180000 0.00180000 0.00034997 86
0.00190000 0.00190000 0.00035568 79
0.00200000 0.00200000 0.00036183 65
0.00210000 0.00210000 0.00036843 60
0.00220000 0.00220000 0.00037552 60
0.00230000 0.00230000 0.00038310 74
0.00240000 0.00240000 0.00039116 66
0.00250000 0.00250000 0.00039972 61
0.00260000 0.00260000 0.00040882 76
0.00270000 0.00270000 0.00041850 70
0.00280000 0.00280000 0.00042890 87
0.00290000 0.00290000 0.00044002 84
0.00300000 0.00300000 0.00045188 65
0.00310000 0.00310000 0.00046446 65
0.00320000 0.00320000 0.00047775 70
0.00330000 0.00330000 0.00049176 93
0.00340000 0.00340000 0.00050649 78
0.00350000 0.00350000 0.00052205 67
0.00360000 0.00360000 0.00053852 81
0.00370000 0.00370000 0.00055601 103
0.00380000 0.00380000 0.00057519 64
0.00390000 0.00390000 0.00059641 73
0.00400000 0.00400000 0.00062203 83
0.00410000 0.00410000 0.00065774 67
0.00420000 0.00420000 0.00070474 68
0.00430000 0.00430000 0.00076805 64
0.00440000 0.00440000 0.00085126 49
0.00450000 0.00450000 0.00095444 53
0.00460000 0.00460000 0.00108349 64
0.00470000 0.00470000 0.00130846 62
0.00480000 0.00480000 0.00165442 59
