0.0002 0.00367129 0.00020000 208
0.00030000 0.00556090 0.00030000 224
0.00040000 0.00667704 0.00040000 260
0.00050000 0.00746615 0.00049999 299
0.00060000 0.00808426 0.00060000 296
0.00070000 0.00857728 0.00070000 243
0.00080000 0.00899837 0.00080000 239
0.00090000 0.00936853 0.00090000 211
0.00100000 0.00970205 0.00100000 270
0.00110000 0.01000603 0.00110000 244
0.00120000 0.01028145 0.00119999 285
0.00130000 0.01053526 0.00129999 228
0.00140000 0.01076794 0.00140000 248
0.00150000 0.01098532 0.00150000 283
0.00160000 0.01118816 0.00160000 281
0.00170000 0.01137958 0.00170000 275
0.00180000 0.01156108 0.00180000 242
0.00190000 0.01172543 0.00189992 301
