0.0001 0.00010000 0.00024707 208
0.00020000 0.00020000 0.00023669 192
0.00030000 0.00030000 0.00022737 198
0.00040000 0.00040000 0.00021905 176
0.00050000 0.00050000 0.00021161 166
0.00060000 0.00060000 0.00020499 201
0.00070000 0.00070000 0.00019915 195
0.00080000 0.00080000 0.00019405 161
0.00090000 0.00090000 0.00018957 197
0.00100000 0.00100000 0.00018558 185
0.00110000 0.00110000 0.00018204 174
0.00120000 0.00120000 0.00017890 170
0.00130000 0.00130000 0.00017615 183
0.00140000 0.00140000 0.00017378 174
0.00150000 0.00150000 0.00017179 178
0.00160000 0.00160000 0.00017022 181
0.00170000 0.00170000 0.00016903 199
0.00180000 0.00180000 0.00016825 156
0.00190000 0.00190000 0.00016783 195
0.00200000 0.00200000 0.00016777 175
0.00210000 0.00210000 0.00016808 176
0.00220000 0.00220000 0.00016869 174
0.00230000 0.00230000 0.00016954 174
0.00240000 0.00240000 0.00017063 172
0.00250000 0.00250000 0.00017193 162
0.00260000 0.00260000 0.00017344 190
0.00270000 0.00270000 0.00017510 191
0.00280000 0.00280000 0.00017693 179
0.00290000 0.00290000 0.00017893 159
0.00300000 0.00300000 0.00018110 192
0.00310000 0.00310000 0.00018343 142
0.00320000 0.00320000 0.00018592 194
0.00330000 0.00330000 0.00018858 166
0.00340000 0.00340000 0.00019141 184
0.00350000 0.00350000 0.00019442 144
0.00360000 0.00360000 0.00019761 182
0.00370000 0.00370000 0.00020098 166
0.00380000 0.00380000 0.00020453 175
0.00390000 0.00390000 0.00020826 182
0.00400000 0.00400000 0.00021218 187
0.00410000 0.00410000 0.00021628 199
0.00420000 0.00420000 0.00022057 161
0.00430000 0.00430000 0.00022505 159
0.00440000 0.00440000 0.00022973 183
0.00450000 0.00450000 0.00023461 169
0.00460000 0.00460000 0.00023971 175
0.00470000 0.00470000 0.00024501 152
0.00480000 0.00480000 0.00025053 154
0.00490000 0.00490000 0.00025627 173
0.00500000 0.00500000 0.00026223 162
0.00510000 0.00510000 0.00026841 206
0.00520000 0.00520000 0.00027482 174
0.00530000 0.00530000 0.00028147 173
0.00540000 0.00540000 0.00028837 179
0.00550000 0.00550000 0.00029551 210
0.00560000 0.00560000 0.00030290 200
0.00570000 0.00570000 0.00031053 190
0.00580000 0.00580000 0.00031841 180
0.00590000 0.00590000 0.00032655 172
0.00600000 0.00600000 0.00033497 161
0.00610000 0.00610000 0.00034367 172
0.00620000 0.00620000 0.00035267 191
0.00630000 0.00630000 0.00036196 159
0.00640000 0.00640000 0.00037157 191
0.00650000 0.00650000 0.00038151 180
0.00660000 0.00660000 0.00039179 218
0.00670000 0.00670000 0.00040242 193
0.00680000 0.00680000 0.00041343 163
0.00690000 0.00690000 0.00042485 189
0.00700000 0.00700000 0.00043672 201
0.00710000 0.00710000 0.00044907 193
0.00720000 0.00720000 0.00046192 196
0.00730000 0.00730000 0.00047527 202
0.00740000 0.00740000 0.00048915 185
0.00750000 0.00750000 0.00050357 180
0.00760000 0.00760000 0.00051858 172
0.00770000 0.00770000 0.00053417 185
0.00780000 0.00780000 0.00055035 204
0.00790000 0.00790000 0.00056714 167
0.00800000 0.00800000 0.00058460 217
0.00810000 0.00810000 0.00060275 208
0.00820000 0.00820000 0.00062163 196
0.00830000 0.00830000 0.00064126 181
0.00840000 0.00840000 0.00066164 190
0.00850000 0.00850000 0.00068279 176
0.00860000 0.00860000 0.00070471 181
0.00870000 0.00870000 0.00072741 191
0.00880000 0.00880000 0.00075091 173
0.00890000 0.00890000 0.00077521 180
0.00900000 0.00900000 0.00080030 229
0.00910000 0.00910000 0.00082621 166
0.00920000 0.00920000 0.00085294 169
0.00930000 0.00930000 0.00088051 203
0.00940000 0.00940000 0.00090893 208
0.00950000 0.00950000 0.00093819 169
0.00960000 0.00960000 0.00096829 163
0.00970000 0.00970000 0.00099924 200
0.00980000 0.00980000 0.00103104 170
0.00990000 0.00990000 0.00106382 182
0.01000000 0.01000000 0.00109770 209
0.01010000 0.01010000 0.00113273 193
0.01020000 0.01020000 0.00116898 190
0.01030000 0.01030000 0.00120648 187
0.01040000 0.01040000 0.00124524 243
0.01050000 0.01050000 0.00128536 172
0.01060000 0.01060000 0.00132684 204
0.01070000 0.01070000 0.00136971 220
0.01080000 0.01080000 0.00141398 180
0.01090000 0.01090000 0.00145974 166
0.01100000 0.01100000 0.00150700 160
0.01110000 0.01110000 0.00155575 192
0.01120000 0.01120000 0.00160600 180
0.01130000 0.01130000 0.00165774 164
0.01140000 0.01140000 0.00171099 178
0.01150000 0.01150000 0.00176573 189
0.01160000 0.01160000 0.00182197 175
0.01170000 0.01170000 0.00187970 183
0.01180000 0.01180000 0.00193895 164
0.01190000 0.01190000 0.00199975 198
0.01200000 0.01200000 0.00206220 187
0.01210000 0.01210000 0.00212629 185
0.01220000 0.01220000 0.00219204 207
0.01230000 0.01230000 0.00225946 210
0.01240000 0.01240000 0.00232857 224
0.01250000 0.01250000 0.00239936 230
0.01260000 0.01260000 0.00247183 203
0.01270000 0.01270000 0.00254598 213
0.01280000 0.01280000 0.00262181 207
0.01290000 0.01290000 0.00269933 169
0.01300000 0.01300000 0.00277875 184
0.01310000 0.01310000 0.00286034 166
0.01320000 0.01320000 0.00294420 189
0.01330000 0.01330000 0.00303048 194
0.01340000 0.01340000 0.00311920 194
0.01350000 0.01350000 0.00321035 220
0.01360000 0.01360000 0.00330393 156
0.01370000 0.01370000 0.00339994 196
0.01380000 0.01380000 0.00349839 172
0.01390000 0.01390000 0.00359926 183
0.01400000 0.01400000 0.00370257 204
0.01410000 0.01410000 0.00380831 208
0.01420000 0.01420000 0.00391649 199
0.01430000 0.01430000 0.00402709 213
0.01440000 0.01440000 0.00414013 245
0.01450000 0.01450000 0.00425559 194
0.01460000 0.01460000 0.00437349 174
0.01470000 0.01470000 0.00449383 229
0.01480000 0.01480000 0.00461659 224
0.01490000 0.01490000 0.00474179 207
0.01500000 0.01500000 0.00486946 226
0.01510000 0.01510000 0.00500004 158
0.01520000 0.01520000 0.00513364 190
0.01530000 0.01530000 0.00527028 197
0.01540000 0.01540000 0.00540995 259
0.01550000 0.01550000 0.00555268 202
0.01560000 0.01560000 0.00569847 192
0.01570000 0.01570000 0.00584732 185
0.01580000 0.01580000 0.00599922 179
0.01590000 0.01590000 0.00615419 174
0.01600000 0.01600000 0.00631222 174
0.01610000 0.01610000 0.00647330 201
0.01620000 0.01620000 0.00663773 178
0.01630000 0.01630000 0.00680771 162
0.01640000 0.01640000 0.00698371 201
0.01650000 0.01650000 0.00716572 166
0.01660000 0.01660000 0.00735375 214
0.01670000 0.01670000 0.00754779 174
0.01680000 0.01680000 0.00774784 162
0.01690000 0.01690000 0.00795391 169
0.01700000 0.01700000 0.00816600 176
0.01710000 0.01710000 0.00838441 158
0.01720000 0.01720000 0.00861293 147
0.01730000 0.01730000 0.00885267 207
0.01740000 0.01740000 0.00910364 175
0.01750000 0.01750000 0.00936583 195
0.01760000 0.01760000 0.00963924 174
0.01770000 0.01770000 0.00992387 226
0.01780000 0.01780000 0.01021973 168
0.01790000 0.01790000 0.01052681 195
0.01800000 0.01800000 0.01084512 163
0.01810000 0.01810000 0.01117464 177
0.01820000 0.01820000 0.01151539 187
0.01830000 0.01830000 0.01186737 183
0.01840000 0.01840000 0.01223056 155
0.01850000 0.01850000 0.01260498 183
0.01860000 0.01860000 0.01299062 181
0.01870000 0.01870000 0.01338748 264
0.01880000 0.01880000 0.01379557 182
0.01890000 0.01890000 0.01421488 207
0.01900000 0.01900000 0.01464541 186
0.01910000 0.01910000 0.01508717 178
0.01920000 0.01920000 0.01554044 147
0.01930000 0.01930000 0.01600598 197
0.01940000 0.01940000 0.01648383 198
0.01950000 0.01950000 0.01697400 224
0.01960000 0.01960000 0.01747648 178
0.01970000 0.01970000 0.01799128 165
