0 -3.25514 449
0.01 -0.128919 10172
0.02 -0.0800599 9616
0.03 -0.0593489 9992
0.04 -0.0482992 18524
0.05 -0.0415343 22697
0.06 -0.0369198 20110
0.07 -0.0335403 23707
0.08 -0.0309461 13908
0.09 -0.0288765 11443
0.1 -0.0271741 29050
0.11 -0.0257388 15112
0.12 -0.024504 13638
0.13 -0.0234251 37140
0.14 -0.0224692 26264
0.15 -0.0216121 19238
0.16 -0.0208355 30085
0.17 -0.0201252 12567
0.18 -0.0194702 14412
0.19 -0.0188617 15292
0.2 -0.0182929 28402
0.21 -0.0177594 9322
0.22 -0.0172566 21033
0.23 -0.0167808 14211
0.24 -0.0163292 17416
0.25 -0.0158987 23508
0.26 -0.015487 14125
0.27 -0.0150919 28436
0.28 -0.0147116 40863
0.29 -0.0143447 23166
0.3 -0.0139899 14839
0.31 -0.013646 31118
0.32 -0.0133119 31175
0.33 -0.0129868 39494
0.34 -0.0126699 26976
0.35 -0.0123604 18899
0.36 -0.0120578 17785
0.37 -0.0117615 10750
0.38 -0.011471 12384
0.39 -0.0111859 10953
0.4 -0.0109057 6337
0.41 -0.0106304 12045
0.42 -0.0103595 17419
0.43 -0.0100929 10029
0.44 -0.00983015 16975
0.45 -0.00957111 20205
0.46 -0.00931568 19800
0.47 -0.00906373 19188
0.48 -0.00881513 11282
0.49 -0.0085697 20149
0.5 -0.00832728 23845
0.51 -0.00808774 19812
0.52 -0.00785091 13467
0.53 -0.00761665 17471
0.54 -0.0073848 14769
0.55 -0.00715524 15321
0.56 -0.00692784 6241
0.57 -0.00670249 8559
0.58 -0.0064791 12482
0.59 -0.0062576 11734
0.6 -0.00603834 12599
0.61 -0.0058214 12239
0.62 -0.00560675 8562
0.63 -0.00539437 24431
0.64 -0.00518455 10449
0.65 -0.00497739 14224
0.66 -0.00477298 17528
0.67 -0.00457131 15802
0.68 -0.00437248 28215
0.69 -0.00417645 19656
0.7 -0.0039832 47070
0.71 -0.00379274 47014
0.72 -0.00360507 10694
0.73 -0.00342017 27515
0.74 -0.00323806 12197
0.75 -0.00305868 14612
0.76 -0.00288221 10060
0.77 -0.00270874 10658
0.78 -0.00253818 9592
0.79 -0.00237058 19521
0.8 -0.00220613 10168
0.81 -0.00204495 13322
0.82 -0.00188706 21055
0.83 -0.00173253 9599
0.84 -0.00158149 25705
0.85 -0.00143478 11036
0.86 -0.00129279 17053
0.87 -0.00115553 24909
0.88 -0.00102337 22282
0.89 -0.000896583 22211
0.9 -0.000775339 30638
0.91 -0.000659648 28475
0.92 -0.000549324 8968
0.93 -0.000444509 15327
0.94 -0.000346221 13905
0.95 -0.000255275 16667
0.96 -0.000172064 16823
0.97 -9.79016e-05 14543
0.98 -3.53929e-05 5888
0.99 1.33919e-05 13774
