0.00010000 0.00010000 0.00024892 57
0.00020000 0.00020000 0.00023270 61
0.00030000 0.00030000 0.00021893 62
0.00040000 0.00040000 0.00020702 62
0.00050000 0.00050000 0.00019639 59
0.00060000 0.00060000 0.00018688 59
0.00070000 0.00070000 0.00017836 60
0.00080000 0.00080000 0.00017062 62
0.00090000 0.00090000 0.00016362 62
0.00100000 0.00100000 0.00015733 59
0.00110000 0.00110000 0.00015170 58
0.00120000 0.00120000 0.00014673 60
0.00130000 0.00130000 0.00014237 63
0.00140000 0.00140000 0.00013858 58
0.00150000 0.00150000 0.00013531 58
0.00160000 0.00160000 0.00013248 63
0.00170000 0.00170000 0.00013007 65
0.00180000 0.00180000 0.00012802 61
0.00190000 0.00190000 0.00012634 64
0.00200000 0.00200000 0.00012502 63
0.00210000 0.00210000 0.00012407 63
0.00220000 0.00220000 0.00012345 58
0.00230000 0.00230000 0.00012309 58
0.00240000 0.00240000 0.00012294 63
0.00250000 0.00250000 0.00012302 58
0.00260000 0.00260000 0.00012335 60
0.00270000 0.00270000 0.00012392 60
0.00280000 0.00280000 0.00012471 60
0.00290000 0.00290000 0.00012573 61
0.00300000 0.00300000 0.00012697 60
0.00310000 0.00310000 0.00012843 60
0.00320000 0.00320000 0.00013009 61
0.00330000 0.00330000 0.00013195 59
0.00340000 0.00340000 0.00013401 60
0.00350000 0.00350000 0.00013625 64
0.00360000 0.00360000 0.00013870 61
0.00370000 0.00370000 0.00014135 59
0.00380000 0.00380000 0.00014425 60
0.00390000 0.00390000 0.00014738 59
0.00400000 0.00400000 0.00015075 63
0.00410000 0.00410000 0.00015439 59
0.00420000 0.00420000 0.00015833 58
0.00430000 0.00430000 0.00016257 57
0.00440000 0.00440000 0.00016710 58
0.00450000 0.00450000 0.00017193 62
0.00460000 0.00460000 0.00017703 59
0.00470000 0.00470000 0.00018242 57
0.00480000 0.00480000 0.00018809 57
0.00490000 0.00490000 0.00019405 60
0.00500000 0.00500000 0.00020030 59
0.00510000 0.00510000 0.00020683 59
0.00520000 0.00520000 0.00021365 66
0.00530000 0.00530000 0.00022075 61
0.00540000 0.00540000 0.00022813 58
0.00550000 0.00550000 0.00023582 57
0.00560000 0.00560000 0.00024383 59
0.00570000 0.00570000 0.00025224 61
0.00580000 0.00580000 0.00026108 57
0.00590000 0.00590000 0.00027034 60
0.00600000 0.00600000 0.00028004 59
0.00610000 0.00610000 0.00029020 61
0.00620000 0.00620000 0.00030083 59
0.00630000 0.00630000 0.00031192 59
0.00640000 0.00640000 0.00032349 57
0.00650000 0.00650000 0.00033554 57
0.00660000 0.00660000 0.00034812 61
0.00670000 0.00670000 0.00036125 61
0.00680000 0.00680000 0.00037492 59
0.00690000 0.00690000 0.00038914 58
0.00700000 0.00700000 0.00040394 58
0.00710000 0.00710000 0.00041935 60
0.00720000 0.00720000 0.00043542 57
0.00730000 0.00730000 0.00045216 60
0.00740000 0.00740000 0.00046956 57
0.00750000 0.00750000 0.00048765 60
0.00760000 0.00760000 0.00050643 62
0.00770000 0.00770000 0.00052596 58
0.00780000 0.00780000 0.00054627 57
0.00790000 0.00790000 0.00056747 58
0.00800000 0.00800000 0.00058963 57
0.00810000 0.00810000 0.00061277 58
0.00820000 0.00820000 0.00063691 63
0.00830000 0.00830000 0.00066211 58
0.00840000 0.00840000 0.00068846 62
0.00850000 0.00850000 0.00071629 60
0.00860000 0.00860000 0.00074573 57
0.00870000 0.00870000 0.00077678 58
0.00880000 0.00880000 0.00080945 60
0.00890000 0.00890000 0.00084373 57
0.00900000 0.00900000 0.00087961 57
0.00910000 0.00910000 0.00091711 58
0.00920000 0.00920000 0.00095622 62
0.00930000 0.00930000 0.00099694 63
0.00940000 0.00940000 0.00103929 57
0.00950000 0.00950000 0.00108382 58
0.00960000 0.00960000 0.00113092 59
0.00970000 0.00970000 0.00118331 59
0.00980000 0.00980000 0.00124342 59
0.00990000 0.00990000 0.00131126 60
0.01000000 0.01000000 0.00138681 61
0.01010000 0.01010000 0.00147010 61
0.01020000 0.01020000 0.00156110 59
0.01030000 0.01030000 0.00165982 61
0.01040000 0.01040000 0.00176784 58
0.01050000 0.01050000 0.00192941 57
0.01060000 0.01060000 0.00216476 57
0.01070000 0.01070000 0.00274835 59
