0.00020000 0.00364306 0.00020000 1257
0.00030000 0.00554764 0.00030000 1265
0.00040000 0.00666882 0.00040000 1233
0.00050000 0.00746804 0.00049999 1234
0.00060000 0.00807770 0.00060000 1237
0.00070000 0.00857185 0.00070000 1234
0.00080000 0.00899196 0.00079996 1252
0.00090000 0.00936230 0.00090000 1235
0.00100000 0.00969588 0.00100000 1217
0.00110000 0.01000019 0.00110000 1218
0.00120000 0.01027662 0.00119994 1242
0.00130000 0.01052958 0.00129982 1245
0.00140000 0.01076288 0.00139988 1244
0.00150000 0.01098050 0.00149999 1211
0.00160000 0.01118363 0.00159999 1256
0.00170000 0.01137519 0.00169997 1209
0.00180000 0.01155715 0.00179999 1227
0.00190000 0.01173060 0.00190000 1238
