0.00000000 -0.00902601 42
0.01000000 -0.00891954 47
0.02000000 -0.00881306 50
0.03000000 -0.00870658 50
0.04000000 -0.00860010 49
0.05000000 -0.00849363 49
0.06000000 -0.00838715 50
0.07000000 -0.00828066 51
0.08000000 -0.00817419 48
0.09000000 -0.00806771 51
0.10000000 -0.00796124 50
0.11000000 -0.00785476 49
0.12000000 -0.00774828 53
0.13000000 -0.00764180 47
0.14000000 -0.00753533 52
0.15000000 -0.00742885 49
0.16000000 -0.00732237 48
0.17000000 -0.00721589 49
0.18000000 -0.00710941 49
0.19000000 -0.00700294 46
0.20000000 -0.00689646 47
0.21000000 -0.00678998 49
0.22000000 -0.00668350 49
0.23000000 -0.00657702 47
0.24000000 -0.00647054 52
0.25000000 -0.00636406 48
0.26000000 -0.00625759 50
0.27000000 -0.00615111 49
0.28000000 -0.00604464 54
0.29000000 -0.00593816 62
0.30000000 -0.00583168 52
0.31000000 -0.00572520 50
0.32000000 -0.00561873 48
0.33000000 -0.00551225 48
0.34000000 -0.00540577 49
0.35000000 -0.00529929 47
0.36000000 -0.00519306 48
0.37000000 -0.00508731 48
0.38000000 -0.00498200 48
0.39000000 -0.00487709 48
0.40000000 -0.00477256 49
0.41000000 -0.00466838 47
0.42000000 -0.00456452 48
0.43000000 -0.00446096 47
0.44000000 -0.00435768 48
0.45000000 -0.00425467 48
0.46000000 -0.00415189 48
0.47000000 -0.00404942 48
0.48000000 -0.00394747 48
0.49000000 -0.00384621 49
0.50000000 -0.00374568 50
0.51000000 -0.00364584 50
0.52000000 -0.00354666 51
0.53000000 -0.00344810 47
0.54000000 -0.00335012 47
0.55000000 -0.00325269 49
0.56000000 -0.00315578 51
0.57000000 -0.00305936 48
0.58000000 -0.00296341 50
0.59000000 -0.00286790 49
0.60000000 -0.00277283 51
0.61000000 -0.00267815 48
0.62000000 -0.00258385 51
0.63000000 -0.00248994 49
0.64000000 -0.00239681 51
0.65000000 -0.00230461 48
0.66000000 -0.00221327 49
0.67000000 -0.00212278 48
0.68000000 -0.00203311 49
0.69000000 -0.00194424 48
0.70000000 -0.00185615 51
0.71000000 -0.00176879 48
0.72000000 -0.00168215 50
0.73000000 -0.00159619 50
0.74000000 -0.00151088 47
0.75000000 -0.00142625 50
0.76000000 -0.00134232 48
0.77000000 -0.00125908 49
0.78000000 -0.00117662 51
0.79000000 -0.00109515 50
0.80000000 -0.00101463 49
0.81000000 -0.00093509 48
0.82000000 -0.00085692 47
0.83000000 -0.00078022 48
0.84000000 -0.00070494 47
0.85000000 -0.00063111 48
0.86000000 -0.00055915 49
0.87000000 -0.00048912 47
0.88000000 -0.00042100 49
0.89000000 -0.00035475 50
0.90000000 -0.00029036 51
0.91000000 -0.00022790 54
0.92000000 -0.00016743 50
0.93000000 -0.00010917 48
0.94000000 -0.00005324 48
0.95000000 -0.00000055 49
0.96000000 0.00004817 48
0.97000000 0.00009289 50
0.98000000 0.00013404 49
0.99000000 0.00017114 49
