0.0001 0.00693951 0.00010000 21662
0.00020000 0.00917342 0.00020000 25561
0.00030000 0.01052998 0.00030000 23006
0.00040000 0.01154535 0.00040000 27676
0.00050000 0.01238001 0.00050000 28469
0.00060000 0.01309278 0.00060000 32439
0.00070000 0.01372183 0.00070000 26363
0.00080000 0.01428722 0.00079998 24511
0.00090000 0.01479270 0.00090000 34462
0.00100000 0.01524381 0.00100001 24699
0.00110000 0.01565604 0.00109999 32137
0.00120000 0.01603065 0.00120000 26947
0.00130000 0.01637634 0.00129999 37671
0.00140000 0.01669528 0.00139996 39510
0.00150000 0.01698928 0.00150000 38185
0.00160000 0.01726366 0.00160001 21751
0.00170000 0.01752428 0.00170000 25540
0.00180000 0.01776349 0.00180000 28853
0.00190000 0.01798083 0.00190000 21977
