0 -0.0112514 1
0.01 -0.011111 13
0.02 -0.0109707 14
0.03 -0.0108303 12
0.04 -0.01069 14
0.05 -0.0105496 17
0.06 -0.0104093 16
0.07 -0.0102689 14
0.08 -0.0101286 12
0.09 -0.00998821 12
0.1 -0.00984786 12
0.11 -0.00970751 14
0.12 -0.00956716 13
0.13 -0.00942681 14
0.14 -0.00928646 13
0.15 -0.00914611 12
0.16 -0.00900576 13
0.17 -0.00886541 13
0.18 -0.00872506 12
0.19 -0.00858471 12
0.2 -0.00844436 13
0.21 -0.00830401 12
0.22 -0.00816366 12
0.23 -0.0080233 14
0.24 -0.00788352 13
0.25 -0.00774595 16
0.26 -0.00761048 13
0.27 -0.00747686 13
0.28 -0.00734489 12
0.29 -0.00721442 14
0.3 -0.00708528 12
0.31 -0.00695735 12
0.32 -0.00683052 15
0.33 -0.00670468 13
0.34 -0.00657975 13
0.35 -0.00645565 13
0.36 -0.00633231 13
0.37 -0.00620967 13
0.38 -0.00608767 14
0.39 -0.00596627 12
0.4 -0.00584542 13
0.41 -0.00572507 14
0.42 -0.0056052 13
0.43 -0.00548577 14
0.44 -0.00536676 15
0.45 -0.00524812 13
0.46 -0.00512984 14
0.47 -0.00501189 15
0.48 -0.00489426 13
0.49 -0.00477693 13
0.5 -0.00465987 13
0.51 -0.00454307 12
0.52 -0.00442676 15
0.53 -0.00431117 12
0.54 -0.00419624 12
0.55 -0.00408194 15
0.56 -0.00396825 14
0.57 -0.00385513 15
0.58 -0.00374254 13
0.59 -0.00363047 13
0.6 -0.00351888 16
0.61 -0.00340776 14
0.62 -0.00329707 13
0.63 -0.00318681 13
0.64 -0.00307694 13
0.65 -0.00296746 12
0.66 -0.00285834 14
0.67 -0.00274957 12
0.68 -0.00264113 14
0.69 -0.002533 14
0.7 -0.00242519 12
0.71 -0.00231766 13
0.72 -0.00221041 12
0.73 -0.00210358 13
0.74 -0.00199757 13
0.75 -0.00189238 14
0.76 -0.00178798 18
0.77 -0.00168434 14
0.78 -0.00158142 15
0.79 -0.00147925 15
0.8 -0.00137803 14
0.81 -0.00127776 13
0.82 -0.00117841 13
0.83 -0.00107994 12
0.84 -0.000982316 12
0.85 -0.000885528 12
0.86 -0.000790284 15
0.87 -0.000697087 14
0.88 -0.000606662 14
0.89 -0.000519418 14
0.9 -0.000435778 14
0.91 -0.000355787 14
0.92 -0.000279882 16
0.93 -0.000208485 13
0.94 -0.000141597 13
0.95 -7.97922e-05 14
0.96 -2.34001e-05 13
0.97 2.70005e-05 13
0.98 7.0909e-05 14
0.99 0.000108284 14
