0.00010000 0.00010000 0.00024798 1196
0.00020000 0.00020000 0.00023757 1198
0.00030000 0.00030000 0.00022823 1192
0.00040000 0.00040000 0.00021988 1174
0.00050000 0.00050000 0.00021244 1192
0.00060000 0.00060000 0.00020582 1200
0.00070000 0.00070000 0.00019999 1193
0.00080000 0.00080000 0.00019489 1198
0.00090000 0.00090000 0.00019043 1186
0.00100000 0.00100000 0.00018645 1205
0.00110000 0.00110000 0.00018290 1189
0.00120000 0.00120000 0.00017978 1194
0.00130000 0.00130000 0.00017702 1198
0.00140000 0.00140000 0.00017465 1217
0.00150000 0.00150000 0.00017267 1212
0.00160000 0.00160000 0.00017109 1210
0.00170000 0.00170000 0.00016992 1188
0.00180000 0.00180000 0.00016914 1192
0.00190000 0.00190000 0.00016873 1195
0.00200000 0.00200000 0.00016868 1218
0.00210000 0.00210000 0.00016898 1204
0.00220000 0.00220000 0.00016959 1210
0.00230000 0.00230000 0.00017045 1207
0.00240000 0.00240000 0.00017153 1192
0.00250000 0.00250000 0.00017284 1190
0.00260000 0.00260000 0.00017434 1191
0.00270000 0.00270000 0.00017602 1217
0.00280000 0.00280000 0.00017786 1198
0.00290000 0.00290000 0.00017987 1193
0.00300000 0.00300000 0.00018204 1200
0.00310000 0.00310000 0.00018438 1208
0.00320000 0.00320000 0.00018687 1201
0.00330000 0.00330000 0.00018953 1179
0.00340000 0.00340000 0.00019237 1201
0.00350000 0.00350000 0.00019538 1189
0.00360000 0.00360000 0.00019857 1182
0.00370000 0.00370000 0.00020194 1184
0.00380000 0.00380000 0.00020549 1188
0.00390000 0.00390000 0.00020923 1176
0.00400000 0.00400000 0.00021316 1182
0.00410000 0.00410000 0.00021725 1189
0.00420000 0.00420000 0.00022154 1198
0.00430000 0.00430000 0.00022602 1211
0.00440000 0.00440000 0.00023070 1210
0.00450000 0.00450000 0.00023559 1181
0.00460000 0.00460000 0.00024069 1204
0.00470000 0.00470000 0.00024600 1176
0.00480000 0.00480000 0.00025153 1199
0.00490000 0.00490000 0.00025728 1207
0.00500000 0.00500000 0.00026324 1181
0.00510000 0.00510000 0.00026942 1196
0.00520000 0.00520000 0.00027584 1224
0.00530000 0.00530000 0.00028248 1192
0.00540000 0.00540000 0.00028937 1206
0.00550000 0.00550000 0.00029651 1205
0.00560000 0.00560000 0.00030389 1206
0.00570000 0.00570000 0.00031152 1187
0.00580000 0.00580000 0.00031939 1205
0.00590000 0.00590000 0.00032752 1183
0.00600000 0.00600000 0.00033592 1200
0.00610000 0.00610000 0.00034462 1190
0.00620000 0.00620000 0.00035361 1187
0.00630000 0.00630000 0.00036290 1194
0.00640000 0.00640000 0.00037250 1174
0.00650000 0.00650000 0.00038243 1193
0.00660000 0.00660000 0.00039271 1184
0.00670000 0.00670000 0.00040335 1177
0.00680000 0.00680000 0.00041438 1201
0.00690000 0.00690000 0.00042582 1206
0.00700000 0.00700000 0.00043770 1192
0.00710000 0.00710000 0.00045008 1212
0.00720000 0.00720000 0.00046294 1188
0.00730000 0.00730000 0.00047632 1201
0.00740000 0.00740000 0.00049021 1188
0.00750000 0.00750000 0.00050467 1200
0.00760000 0.00760000 0.00051972 1220
0.00770000 0.00770000 0.00053535 1206
0.00780000 0.00780000 0.00055157 1186
0.00790000 0.00790000 0.00056841 1186
0.00800000 0.00800000 0.00058590 1211
0.00810000 0.00810000 0.00060410 1186
0.00820000 0.00820000 0.00062303 1189
0.00830000 0.00830000 0.00064270 1168
0.00840000 0.00840000 0.00066312 1169
0.00850000 0.00850000 0.00068430 1218
0.00860000 0.00860000 0.00070626 1204
0.00870000 0.00870000 0.00072899 1217
0.00880000 0.00880000 0.00075253 1197
0.00890000 0.00890000 0.00077686 1185
0.00900000 0.00900000 0.00080198 1193
0.00910000 0.00910000 0.00082793 1206
0.00920000 0.00920000 0.00085471 1212
0.00930000 0.00930000 0.00088234 1208
0.00940000 0.00940000 0.00091081 1220
0.00950000 0.00950000 0.00094013 1203
0.00960000 0.00960000 0.00097028 1219
0.00970000 0.00970000 0.00100130 1199
0.00980000 0.00980000 0.00103315 1210
0.00990000 0.00990000 0.00106598 1226
0.01000000 0.01000000 0.00109991 1210
0.01010000 0.01010000 0.00113496 1197
0.01020000 0.01020000 0.00117124 1209
0.01030000 0.01030000 0.00120877 1210
0.01040000 0.01040000 0.00124754 1215
0.01050000 0.01050000 0.00128767 1200
0.01060000 0.01060000 0.00132916 1193
0.01070000 0.01070000 0.00137203 1184
0.01080000 0.01080000 0.00141630 1209
0.01090000 0.01090000 0.00146206 1192
0.01100000 0.01100000 0.00150931 1187
0.01110000 0.01110000 0.00155805 1197
0.01120000 0.01120000 0.00160830 1194
0.01130000 0.01130000 0.00166005 1200
0.01140000 0.01140000 0.00171329 1210
0.01150000 0.01150000 0.00176803 1202
0.01160000 0.01160000 0.00182427 1202
0.01170000 0.01170000 0.00188201 1182
0.01180000 0.01180000 0.00194126 1198
0.01190000 0.01190000 0.00200208 1180
0.01200000 0.01200000 0.00206454 1185
0.01210000 0.01210000 0.00212864 1209
0.01220000 0.01220000 0.00219441 1196
0.01230000 0.01230000 0.00226183 1213
0.01240000 0.01240000 0.00233095 1209
0.01250000 0.01250000 0.00240175 1179
0.01260000 0.01260000 0.00247423 1200
0.01270000 0.01270000 0.00254840 1194
0.01280000 0.01280000 0.00262425 1195
0.01290000 0.01290000 0.00270178 1185
0.01300000 0.01300000 0.00278120 1204
0.01310000 0.01310000 0.00286279 1189
0.01320000 0.01320000 0.00294670 1186
0.01330000 0.01330000 0.00303305 1181
0.01340000 0.01340000 0.00312183 1172
0.01350000 0.01350000 0.00321304 1182
0.01360000 0.01360000 0.00330669 1201
0.01370000 0.01370000 0.00340277 1202
0.01380000 0.01380000 0.00350128 1189
0.01390000 0.01390000 0.00360223 1191
0.01400000 0.01400000 0.00370561 1211
0.01410000 0.01410000 0.00381143 1180
0.01420000 0.01420000 0.00391967 1197
0.01430000 0.01430000 0.00403036 1179
0.01440000 0.01440000 0.00414347 1210
0.01450000 0.01450000 0.00425902 1197
0.01460000 0.01460000 0.00437701 1203
0.01470000 0.01470000 0.00449743 1233
0.01480000 0.01480000 0.00462027 1197
0.01490000 0.01490000 0.00474556 1203
0.01500000 0.01500000 0.00487333 1187
0.01510000 0.01510000 0.00500401 1177
0.01520000 0.01520000 0.00513773 1197
0.01530000 0.01530000 0.00527449 1194
0.01540000 0.01540000 0.00541428 1204
0.01550000 0.01550000 0.00555714 1202
0.01560000 0.01560000 0.00570305 1176
0.01570000 0.01570000 0.00585204 1184
0.01580000 0.01580000 0.00600409 1175
0.01590000 0.01590000 0.00615920 1192
0.01600000 0.01600000 0.00631737 1193
0.01610000 0.01610000 0.00647861 1177
0.01620000 0.01620000 0.00664320 1183
0.01630000 0.01630000 0.00681333 1183
0.01640000 0.01640000 0.00698947 1185
0.01650000 0.01650000 0.00717163 1178
0.01660000 0.01660000 0.00735980 1172
0.01670000 0.01670000 0.00755399 1196
0.01680000 0.01680000 0.00775419 1175
0.01690000 0.01690000 0.00796040 1196
0.01700000 0.01700000 0.00817263 1196
0.01710000 0.01710000 0.00839114 1181
0.01720000 0.01720000 0.00861969 1199
0.01730000 0.01730000 0.00885942 1170
0.01740000 0.01740000 0.00911036 1169
0.01750000 0.01750000 0.00937251 1200
0.01760000 0.01760000 0.00964586 1172
0.01770000 0.01770000 0.00993042 1173
0.01780000 0.01780000 0.01022618 1184
0.01790000 0.01790000 0.01053315 1179
0.01800000 0.01800000 0.01085131 1172
0.01810000 0.01810000 0.01118069 1191
0.01820000 0.01820000 0.01152127 1186
0.01830000 0.01830000 0.01187305 1174
0.01840000 0.01840000 0.01223604 1171
0.01850000 0.01850000 0.01261023 1186
0.01860000 0.01860000 0.01299563 1169
0.01870000 0.01870000 0.01339223 1196
0.01880000 0.01880000 0.01380004 1186
0.01890000 0.01890000 0.01421905 1204
0.01900000 0.01900000 0.01464927 1177
0.01910000 0.01910000 0.01509068 1189
0.01920000 0.01920000 0.01554349 1182
0.01930000 0.01930000 0.01600847 1174
0.01940000 0.01940000 0.01648575 1191
0.01950000 0.01950000 0.01697531 1177
0.01960000 0.01960000 0.01747716 1182
0.01970000 0.01970000 0.01799129 1186
