0.00090000 0.00090000 0.00148982 19
0.00100000 0.00100000 0.00115293 20
0.00110000 0.00110000 0.00107626 20
0.00120000 0.00120000 0.00101574 15
0.00130000 0.00130000 0.00096280 18
0.00140000 0.00140000 0.00091524 21
0.00150000 0.00150000 0.00087280 17
0.00160000 0.00160000 0.00083540 19
0.00170000 0.00170000 0.00080303 17
0.00180000 0.00180000 0.00077568 18
0.00190000 0.00190000 0.00075336 17
0.00200000 0.00200000 0.00073543 22
0.00210000 0.00210000 0.00072017 21
0.00220000 0.00220000 0.00070662 22
0.00230000 0.00230000 0.00069479 20
0.00240000 0.00240000 0.00068467 23
0.00250000 0.00250000 0.00067626 19
0.00260000 0.00260000 0.00066956 20
0.00270000 0.00270000 0.00066414 18
0.00280000 0.00280000 0.00065960 16
0.00290000 0.00290000 0.00065580 18
0.00300000 0.00300000 0.00065276 16
0.00310000 0.00310000 0.00065032 20
0.00320000 0.00320000 0.00064838 17
0.00330000 0.00330000 0.00064697 16
0.00340000 0.00340000 0.00064611 14
0.00350000 0.00350000 0.00064581 17
0.00360000 0.00360000 0.00064596 15
0.00370000 0.00370000 0.00064642 17
0.00380000 0.00380000 0.00064718 18
0.00390000 0.00390000 0.00064823 18
0.00400000 0.00400000 0.00064958 16
0.00410000 0.00410000 0.00065122 15
0.00420000 0.00420000 0.00065316 16
0.00430000 0.00430000 0.00065540 17
0.00440000 0.00440000 0.00065793 16
0.00450000 0.00450000 0.00066075 20
0.00460000 0.00460000 0.00066388 15
0.00470000 0.00470000 0.00066729 15
0.00480000 0.00480000 0.00067102 18
0.00490000 0.00490000 0.00067509 16
0.00500000 0.00500000 0.00067952 16
0.00510000 0.00510000 0.00068430 16
0.00520000 0.00520000 0.00068943 17
0.00530000 0.00530000 0.00069492 15
0.00540000 0.00540000 0.00070076 16
0.00550000 0.00550000 0.00070703 16
0.00560000 0.00560000 0.00071378 16
0.00570000 0.00570000 0.00072100 22
0.00580000 0.00580000 0.00072871 17
0.00590000 0.00590000 0.00073690 16
0.00600000 0.00600000 0.00074559 19
0.00610000 0.00610000 0.00075479 17
0.00620000 0.00620000 0.00076461 15
0.00630000 0.00630000 0.00077508 18
0.00640000 0.00640000 0.00078621 16
0.00650000 0.00650000 0.00079808 18
0.00660000 0.00660000 0.00081075 15
0.00670000 0.00670000 0.00082423 15
0.00680000 0.00680000 0.00083850 19
0.00690000 0.00690000 0.00085357 16
0.00700000 0.00700000 0.00086944 19
0.00710000 0.00710000 0.00088612 17
0.00720000 0.00720000 0.00090361 16
0.00730000 0.00730000 0.00092189 16
0.00740000 0.00740000 0.00094098 16
0.00750000 0.00750000 0.00096086 17
0.00760000 0.00760000 0.00098155 17
0.00770000 0.00770000 0.00100304 20
0.00780000 0.00780000 0.00102542 15
0.00790000 0.00790000 0.00104874 19
0.00800000 0.00800000 0.00107302 16
0.00810000 0.00810000 0.00109824 16
0.00820000 0.00820000 0.00112441 19
0.00830000 0.00830000 0.00115153 17
0.00840000 0.00840000 0.00117961 18
0.00850000 0.00850000 0.00120923 17
0.00860000 0.00860000 0.00124089 16
0.00870000 0.00870000 0.00127460 15
0.00880000 0.00880000 0.00131035 16
0.00890000 0.00890000 0.00134813 17
0.00900000 0.00900000 0.00138796 17
0.00910000 0.00910000 0.00142982 15
0.00920000 0.00920000 0.00147374 16
0.00930000 0.00930000 0.00151968 17
0.00940000 0.00940000 0.00156767 17
0.00950000 0.00950000 0.00161770 16
0.00960000 0.00960000 0.00166976 18
0.00970000 0.00970000 0.00172387 15
0.00980000 0.00980000 0.00178002 14
0.00990000 0.00990000 0.00183821 19
0.01000000 0.01000000 0.00189843 16
0.01010000 0.01010000 0.00196070 18
0.01020000 0.01020000 0.00202501 15
0.01030000 0.01030000 0.00209136 16
0.01040000 0.01040000 0.00215975 15
0.01050000 0.01050000 0.00223018 16
0.01060000 0.01060000 0.00230265 16
0.01070000 0.01070000 0.00237716 24
0.01080000 0.01080000 0.00245371 12
0.01090000 0.01090000 0.00253230 10
0.01100000 0.01100000 0.00261293 9
0.01110000 0.01110000 0.00269561 9
0.01120000 0.01120000 0.00278036 11
0.01130000 0.01130000 0.00286738 8
0.01140000 0.01140000 0.00295668 8
0.01150000 0.01150000 0.00304829 11
0.01160000 0.01160000 0.00314219 9
0.01170000 0.01170000 0.00323838 8
0.01180000 0.01180000 0.00333688 9
0.01190000 0.01190000 0.00343765 9
0.01200000 0.01200000 0.00354090 9
0.01210000 0.01210000 0.00364875 8
0.01220000 0.01220000 0.00376191 8
0.01230000 0.01230000 0.00388038 9
0.01240000 0.01240000 0.00400416 10
0.01250000 0.01250000 0.00413323 9
0.01260000 0.01260000 0.00426761 8
0.01270000 0.01270000 0.00440729 8
0.01280000 0.01280000 0.00455228 9
0.01290000 0.01290000 0.00470257 8
0.01300000 0.01300000 0.00485816 9
0.01310000 0.01310000 0.00501907 9
0.01320000 0.01320000 0.00518527 9
0.01330000 0.01330000 0.00535678 9
0.01340000 0.01340000 0.00553359 9
