0.00000000 -0.00481365 265
0.01000000 -0.00474838 301
0.02000000 -0.00468312 291
0.03000000 -0.00461786 293
0.04000000 -0.00455260 297
0.05000000 -0.00448733 300
0.06000000 -0.00442207 293
0.07000000 -0.00435681 307
0.08000000 -0.00429154 299
0.09000000 -0.00422628 296
0.10000000 -0.00416102 296
0.11000000 -0.00409576 297
0.12000000 -0.00403049 305
0.13000000 -0.00396524 302
0.14000000 -0.00389997 299
0.15000000 -0.00383471 307
0.16000000 -0.00376945 294
0.17000000 -0.00370419 300
0.18000000 -0.00363919 309
0.19000000 -0.00357487 294
0.20000000 -0.00351113 297
0.21000000 -0.00344789 305
0.22000000 -0.00338525 301
0.23000000 -0.00332336 303
0.24000000 -0.00326211 303
0.25000000 -0.00320145 303
0.26000000 -0.00314129 303
0.27000000 -0.00308158 294
0.28000000 -0.00302227 302
0.29000000 -0.00296333 314
0.30000000 -0.00290471 316
0.31000000 -0.00284639 310
0.32000000 -0.00278833 298
0.33000000 -0.00273052 304
0.34000000 -0.00267292 300
0.35000000 -0.00261553 306
0.36000000 -0.00255832 309
0.37000000 -0.00250127 311
0.38000000 -0.00244440 297
0.39000000 -0.00238767 296
0.40000000 -0.00233106 300
0.41000000 -0.00227459 302
0.42000000 -0.00221822 305
0.43000000 -0.00216197 299
0.44000000 -0.00210582 311
0.45000000 -0.00205005 304
0.46000000 -0.00199476 300
0.47000000 -0.00193993 310
0.48000000 -0.00188553 319
0.49000000 -0.00183157 319
0.50000000 -0.00177805 311
0.51000000 -0.00172493 296
0.52000000 -0.00167219 303
0.53000000 -0.00161982 311
0.54000000 -0.00156778 297
0.55000000 -0.00151607 305
0.56000000 -0.00146466 297
0.57000000 -0.00141354 299
0.58000000 -0.00136270 305
0.59000000 -0.00131212 306
0.60000000 -0.00126178 304
0.61000000 -0.00121168 303
0.62000000 -0.00116180 304
0.63000000 -0.00111214 313
0.64000000 -0.00106269 307
0.65000000 -0.00101351 302
0.66000000 -0.00096458 304
0.67000000 -0.00091589 298
0.68000000 -0.00086745 304
0.69000000 -0.00081923 303
0.70000000 -0.00077122 307
0.71000000 -0.00072345 300
0.72000000 -0.00067595 304
0.73000000 -0.00062871 302
0.74000000 -0.00058171 300
0.75000000 -0.00053495 306
0.76000000 -0.00048842 312
0.77000000 -0.00044211 299
0.78000000 -0.00039602 307
0.79000000 -0.00035013 301
0.80000000 -0.00030443 304
0.81000000 -0.00025892 306
0.82000000 -0.00021370 301
0.83000000 -0.00016928 300
0.84000000 -0.00012573 307
0.85000000 -0.00008301 299
0.86000000 -0.00004155 307
0.87000000 -0.00000178 315
0.88000000 0.00003608 302
0.89000000 0.00007188 314
0.90000000 0.00010571 300
0.91000000 0.00013766 307
0.92000000 0.00016760 308
0.93000000 0.00019511 302
0.94000000 0.00022007 303
0.95000000 0.00024238 300
0.96000000 0.00026181 302
0.97000000 0.00027840 301
0.98000000 0.00029222 299
0.99000000 0.00030356 304
