0.0002 0.00499920 0.00020000 27
0.00030000 0.00618774 0.00030000 26
0.00040000 0.00696670 0.00040000 23
0.00050000 0.00755887 0.00050000 23
0.00060000 0.00803752 0.00059999 26
0.00070000 0.00843425 0.00070000 25
0.00080000 0.00876347 0.00080000 22
0.00090000 0.00904669 0.00090000 28
0.00100000 0.00929861 0.00100000 32
0.00110000 0.00952704 0.00110000 24
0.00120000 0.00972036 0.00120000 23
0.00130000 0.00987444 0.00130000 24
0.00140000 0.01000603 0.00139999 22
0.00150000 0.01012274 0.00150000 24
0.00160000 0.01022865 0.00160000 21
0.00170000 0.01032630 0.00170000 26
0.00180000 0.01041092 0.00179999 23
0.00190000 0.01047013 0.00189994 29
