0.00020000 0.00537095 0.00020000 46
0.00030000 0.00694409 0.00029999 45
0.00040000 0.00795149 0.00039999 47
0.00050000 0.00870597 0.00050000 47
0.00060000 0.00927876 0.00060000 45
0.00070000 0.00966540 0.00070000 46
0.00080000 0.00994910 0.00079999 47
0.00090000 0.01014471 0.00090000 45
0.00100000 0.01029081 0.00099991 46
0.00110000 0.01041334 0.00110000 46
0.00120000 0.01051974 0.00119978 47
0.00130000 0.01060560 0.00129985 46
0.00140000 0.01067688 0.00139999 48
0.00150000 0.01073901 0.00149998 44
0.00160000 0.01079434 0.00159991 45
0.00170000 0.01084610 0.00169996 45
0.00180000 0.01089365 0.00179999 46
0.00190000 0.01093797 0.00189998 45
