0.0002 0.00537483 0.00020000 23
0.00030000 0.00694647 0.00030000 21
0.00040000 0.00795359 0.00040000 23
0.00050000 0.00870831 0.00050000 20
0.00060000 0.00927981 0.00060000 33
0.00070000 0.00966621 0.00070000 23
0.00080000 0.00995045 0.00080000 20
0.00090000 0.01014418 0.00090000 22
0.00100000 0.01029096 0.00100000 22
0.00110000 0.01041303 0.00109999 23
0.00120000 0.01051905 0.00119995 21
0.00130000 0.01060469 0.00129999 19
0.00140000 0.01067565 0.00140000 22
0.00150000 0.01073756 0.00150000 22
0.00160000 0.01079311 0.00160000 21
0.00170000 0.01084425 0.00170000 21
0.00180000 0.01089049 0.00179997 20
0.00190000 0.01093609 0.00190000 22
