0.00010000 0.00010000 0.00033970 50
0.00020000 0.00020000 0.00032467 52
0.00030000 0.00030000 0.00031124 52
0.00040000 0.00040000 0.00029938 49
0.00050000 0.00050000 0.00028881 51
0.00060000 0.00060000 0.00027939 51
0.00070000 0.00070000 0.00027104 50
0.00080000 0.00080000 0.00026365 48
0.00090000 0.00090000 0.00025701 50
0.00100000 0.00100000 0.00025103 49
0.00110000 0.00110000 0.00024561 49
0.00120000 0.00120000 0.00024059 51
0.00130000 0.00130000 0.00023594 49
0.00140000 0.00140000 0.00023163 50
0.00150000 0.00150000 0.00022763 48
0.00160000 0.00160000 0.00022394 50
0.00170000 0.00170000 0.00022055 49
0.00180000 0.00180000 0.00021748 49
0.00190000 0.00190000 0.00021471 53
0.00200000 0.00200000 0.00021226 53
0.00210000 0.00210000 0.00021011 51
0.00220000 0.00220000 0.00020828 51
0.00230000 0.00230000 0.00020675 51
0.00240000 0.00240000 0.00020554 49
0.00250000 0.00250000 0.00020466 48
0.00260000 0.00260000 0.00020408 48
0.00270000 0.00270000 0.00020378 48
0.00280000 0.00280000 0.00020372 51
0.00290000 0.00290000 0.00020383 48
0.00300000 0.00300000 0.00020412 48
0.00310000 0.00310000 0.00020459 48
0.00320000 0.00320000 0.00020529 51
0.00330000 0.00330000 0.00020620 48
0.00340000 0.00340000 0.00020736 52
0.00350000 0.00350000 0.00020876 48
0.00360000 0.00360000 0.00021040 48
0.00370000 0.00370000 0.00021229 51
0.00380000 0.00380000 0.00021443 49
0.00390000 0.00390000 0.00021685 49
0.00400000 0.00400000 0.00021956 50
0.00410000 0.00410000 0.00022259 51
0.00420000 0.00420000 0.00022592 51
0.00430000 0.00430000 0.00022955 50
0.00440000 0.00440000 0.00023352 48
0.00450000 0.00450000 0.00023775 48
0.00460000 0.00460000 0.00024225 48
0.00470000 0.00470000 0.00024702 49
0.00480000 0.00480000 0.00025207 49
0.00490000 0.00490000 0.00025740 49
0.00500000 0.00500000 0.00026302 48
0.00510000 0.00510000 0.00026898 48
0.00520000 0.00520000 0.00027528 48
0.00530000 0.00530000 0.00028195 54
0.00540000 0.00540000 0.00028908 48
0.00550000 0.00550000 0.00029676 49
0.00560000 0.00560000 0.00030500 49
0.00570000 0.00570000 0.00031381 52
0.00580000 0.00580000 0.00032322 51
0.00590000 0.00590000 0.00033328 49
0.00600000 0.00600000 0.00034404 49
0.00610000 0.00610000 0.00035552 50
0.00620000 0.00620000 0.00036773 52
0.00630000 0.00630000 0.00038073 50
0.00640000 0.00640000 0.00039450 49
0.00650000 0.00650000 0.00040905 52
0.00660000 0.00660000 0.00042441 50
0.00670000 0.00670000 0.00044058 49
0.00680000 0.00680000 0.00045756 51
0.00690000 0.00690000 0.00047537 49
0.00700000 0.00700000 0.00049417 50
0.00710000 0.00710000 0.00051420 50
0.00720000 0.00720000 0.00053546 49
0.00730000 0.00730000 0.00055796 49
0.00740000 0.00740000 0.00058174 49
0.00750000 0.00750000 0.00060741 50
0.00760000 0.00760000 0.00063520 48
0.00770000 0.00770000 0.00066537 49
0.00780000 0.00780000 0.00069881 49
0.00790000 0.00790000 0.00073590 51
0.00800000 0.00800000 0.00077694 52
0.00810000 0.00810000 0.00082190 53
0.00820000 0.00820000 0.00087083 50
0.00830000 0.00830000 0.00092388 50
0.00840000 0.00840000 0.00098108 49
0.00850000 0.00850000 0.00104597 50
0.00860000 0.00860000 0.00112240 48
0.00870000 0.00870000 0.00121035 50
0.00880000 0.00880000 0.00130984 49
0.00890000 0.00890000 0.00142349 49
0.00900000 0.00900000 0.00157500 48
