0.00000000 -0.01343483 6
0.01000000 -0.01324451 9
0.02000000 -0.01305420 10
0.03000000 -0.01286389 10
0.04000000 -0.01267358 8
0.05000000 -0.01248326 8
0.06000000 -0.01229295 8
0.07000000 -0.01210264 8
0.08000000 -0.01191233 9
0.09000000 -0.01172201 8
0.10000000 -0.01153170 9
0.11000000 -0.01134139 7
0.12000000 -0.01115108 8
0.13000000 -0.01096077 9
0.14000000 -0.01077045 8
0.15000000 -0.01058014 9
0.16000000 -0.01038983 10
0.17000000 -0.01019952 8
0.18000000 -0.01000920 7
0.19000000 -0.00981889 8
0.20000000 -0.00962858 8
0.21000000 -0.00943827 8
0.22000000 -0.00924795 7
0.23000000 -0.00905764 9
0.24000000 -0.00886733 9
0.25000000 -0.00867702 9
0.26000000 -0.00848671 8
0.27000000 -0.00829639 8
0.28000000 -0.00810608 8
0.29000000 -0.00791577 9
0.30000000 -0.00772546 9
0.31000000 -0.00753514 8
0.32000000 -0.00734483 11
0.33000000 -0.00715452 9
0.34000000 -0.00696421 8
0.35000000 -0.00677389 9
0.36000000 -0.00658401 9
0.37000000 -0.00639752 8
0.38000000 -0.00621476 9
0.39000000 -0.00603544 9
0.40000000 -0.00585930 8
0.41000000 -0.00568610 9
0.42000000 -0.00551565 8
0.43000000 -0.00534774 10
0.44000000 -0.00518220 9
0.45000000 -0.00501888 8
0.46000000 -0.00485762 9
0.47000000 -0.00469831 8
0.48000000 -0.00454082 7
0.49000000 -0.00438502 10
0.50000000 -0.00423158 9
0.51000000 -0.00408160 7
0.52000000 -0.00393491 10
0.53000000 -0.00379132 8
0.54000000 -0.00365066 8
0.55000000 -0.00351289 7
0.56000000 -0.00337806 8
0.57000000 -0.00324602 12
0.58000000 -0.00311663 8
0.59000000 -0.00298975 9
0.60000000 -0.00286526 8
0.61000000 -0.00274303 7
0.62000000 -0.00262297 8
0.63000000 -0.00250496 9
0.64000000 -0.00238892 8
0.65000000 -0.00227475 9
0.66000000 -0.00216236 14
0.67000000 -0.00205167 13
0.68000000 -0.00194262 10
0.69000000 -0.00183513 8
0.70000000 -0.00172912 8
0.71000000 -0.00162455 8
0.72000000 -0.00152135 8
0.73000000 -0.00141946 8
0.74000000 -0.00131883 8
0.75000000 -0.00121941 9
0.76000000 -0.00112115 8
0.77000000 -0.00102400 9
0.78000000 -0.00092796 11
0.79000000 -0.00083371 8
0.80000000 -0.00074161 10
0.81000000 -0.00065157 10
0.82000000 -0.00056350 10
0.83000000 -0.00047751 10
0.84000000 -0.00039368 9
0.85000000 -0.00031197 9
0.86000000 -0.00023228 9
0.87000000 -0.00015455 9
0.88000000 -0.00007872 8
0.89000000 -0.00000471 8
0.90000000 0.00006751 8
0.91000000 0.00013774 8
0.92000000 0.00020588 10
0.93000000 0.00027153 8
0.94000000 0.00033459 8
0.95000000 0.00039495 11
0.96000000 0.00045208 9
0.97000000 0.00050591 8
0.98000000 0.00055609 8
0.99000000 0.00060269 8
