0.00010000 0.00010000 0.00031785 315
0.00020000 0.00020000 0.00031573 312
0.00030000 0.00030000 0.00031416 303
0.00040000 0.00040000 0.00031319 304
0.00050000 0.00050000 0.00031280 304
0.00060000 0.00060000 0.00031300 300
0.00070000 0.00070000 0.00031370 306
0.00080000 0.00080000 0.00031489 306
0.00090000 0.00090000 0.00031657 303
0.00100000 0.00100000 0.00031869 312
0.00110000 0.00110000 0.00032121 308
0.00120000 0.00120000 0.00032413 303
0.00130000 0.00130000 0.00032744 304
0.00140000 0.00140000 0.00033114 310
0.00150000 0.00150000 0.00033525 304
0.00160000 0.00160000 0.00033975 301
0.00170000 0.00170000 0.00034465 305
0.00180000 0.00180000 0.00034994 310
0.00190000 0.00190000 0.00035563 303
0.00200000 0.00200000 0.00036177 312
0.00210000 0.00210000 0.00036836 305
0.00220000 0.00220000 0.00037543 307
0.00230000 0.00230000 0.00038299 314
0.00240000 0.00240000 0.00039104 301
0.00250000 0.00250000 0.00039957 309
0.00260000 0.00260000 0.00040865 311
0.00270000 0.00270000 0.00041831 312
0.00280000 0.00280000 0.00042867 306
0.00290000 0.00290000 0.00043976 300
0.00300000 0.00300000 0.00045158 302
0.00310000 0.00310000 0.00046411 309
0.00320000 0.00320000 0.00047736 298
0.00330000 0.00330000 0.00049132 315
0.00340000 0.00340000 0.00050600 299
0.00350000 0.00350000 0.00052151 312
0.00360000 0.00360000 0.00053792 310
0.00370000 0.00370000 0.00055532 312
0.00380000 0.00380000 0.00057439 306
0.00390000 0.00390000 0.00059549 320
0.00400000 0.00400000 0.00062062 305
0.00410000 0.00410000 0.00065572 313
0.00420000 0.00420000 0.00070230 313
0.00430000 0.00430000 0.00076432 304
0.00440000 0.00440000 0.00084581 306
0.00450000 0.00450000 0.00094700 314
0.00460000 0.00460000 0.00107268 299
0.00470000 0.00470000 0.00129505 306
0.00480000 0.00480000 0.00164904 306
