0.0001 0.00010000 0.00024497 25
0.00020000 0.00020000 0.00022912 18
0.00030000 0.00030000 0.00021564 18
0.00040000 0.00040000 0.00020395 19
0.00050000 0.00050000 0.00019351 17
0.00060000 0.00060000 0.00018418 17
0.00070000 0.00070000 0.00017580 17
0.00080000 0.00080000 0.00016818 20
0.00090000 0.00090000 0.00016129 21
0.00100000 0.00100000 0.00015510 18
0.00110000 0.00110000 0.00014957 18
0.00120000 0.00120000 0.00014470 20
0.00130000 0.00130000 0.00014047 19
0.00140000 0.00140000 0.00013678 19
0.00150000 0.00150000 0.00013361 17
0.00160000 0.00160000 0.00013088 16
0.00170000 0.00170000 0.00012854 18
0.00180000 0.00180000 0.00012657 16
0.00190000 0.00190000 0.00012495 16
0.00200000 0.00200000 0.00012371 19
0.00210000 0.00210000 0.00012282 17
0.00220000 0.00220000 0.00012225 15
0.00230000 0.00230000 0.00012191 17
0.00240000 0.00240000 0.00012179 17
0.00250000 0.00250000 0.00012191 17
0.00260000 0.00260000 0.00012227 16
0.00270000 0.00270000 0.00012285 15
0.00280000 0.00280000 0.00012367 19
0.00290000 0.00290000 0.00012470 17
0.00300000 0.00300000 0.00012596 15
0.00310000 0.00310000 0.00012744 15
0.00320000 0.00320000 0.00012911 16
0.00330000 0.00330000 0.00013099 15
0.00340000 0.00340000 0.00013307 14
0.00350000 0.00350000 0.00013534 15
0.00360000 0.00360000 0.00013781 16
0.00370000 0.00370000 0.00014049 15
0.00380000 0.00380000 0.00014342 15
0.00390000 0.00390000 0.00014658 17
0.00400000 0.00400000 0.00014999 14
0.00410000 0.00410000 0.00015368 15
0.00420000 0.00420000 0.00015767 15
0.00430000 0.00430000 0.00016195 14
0.00440000 0.00440000 0.00016653 15
0.00450000 0.00450000 0.00017140 15
0.00460000 0.00460000 0.00017655 13
0.00470000 0.00470000 0.00018199 16
0.00480000 0.00480000 0.00018772 15
0.00490000 0.00490000 0.00019373 14
0.00500000 0.00500000 0.00020003 14
0.00510000 0.00510000 0.00020661 18
0.00520000 0.00520000 0.00021348 15
0.00530000 0.00530000 0.00022062 16
0.00540000 0.00540000 0.00022806 17
0.00550000 0.00550000 0.00023581 16
0.00560000 0.00560000 0.00024389 16
0.00570000 0.00570000 0.00025238 16
0.00580000 0.00580000 0.00026129 18
0.00590000 0.00590000 0.00027062 25
0.00600000 0.00600000 0.00028039 18
0.00610000 0.00610000 0.00029063 16
0.00620000 0.00620000 0.00030133 17
0.00630000 0.00630000 0.00031250 15
0.00640000 0.00640000 0.00032414 16
0.00650000 0.00650000 0.00033627 17
0.00660000 0.00660000 0.00034892 16
0.00670000 0.00670000 0.00036211 16
0.00680000 0.00680000 0.00037585 17
0.00690000 0.00690000 0.00039013 17
0.00700000 0.00700000 0.00040499 16
0.00710000 0.00710000 0.00042046 16
0.00720000 0.00720000 0.00043659 18
0.00730000 0.00730000 0.00045338 17
0.00740000 0.00740000 0.00047083 16
0.00750000 0.00750000 0.00048896 18
0.00760000 0.00760000 0.00050780 16
0.00770000 0.00770000 0.00052737 15
0.00780000 0.00780000 0.00054776 18
0.00790000 0.00790000 0.00056905 17
0.00800000 0.00800000 0.00059131 15
0.00810000 0.00810000 0.00061455 18
0.00820000 0.00820000 0.00063879 17
0.00830000 0.00830000 0.00066408 19
0.00840000 0.00840000 0.00069056 15
0.00850000 0.00850000 0.00071854 16
0.00860000 0.00860000 0.00074814 16
0.00870000 0.00870000 0.00077934 17
0.00880000 0.00880000 0.00081215 16
0.00890000 0.00890000 0.00084657 16
0.00900000 0.00900000 0.00088259 18
0.00910000 0.00910000 0.00092022 16
0.00920000 0.00920000 0.00095946 16
0.00930000 0.00930000 0.00100030 17
0.00940000 0.00940000 0.00104277 17
0.00950000 0.00950000 0.00108746 18
0.00960000 0.00960000 0.00113481 17
0.00970000 0.00970000 0.00118817 16
0.00980000 0.00980000 0.00124934 16
0.00990000 0.00990000 0.00131831 15
0.01000000 0.01000000 0.00139509 17
0.01010000 0.01010000 0.00147967 16
0.01020000 0.01020000 0.00157205 16
0.01030000 0.01030000 0.00167224 15
0.01040000 0.01040000 0.00178462 14
0.01050000 0.01050000 0.00195826 16
0.01060000 0.01060000 0.00221052 16
0.01070000 0.01070000 0.00288210 14
