0.0009 0.00090000 0.00148982 14
0.00100000 0.00100000 0.00115293 13
0.00110000 0.00110000 0.00107626 10
0.00120000 0.00120000 0.00101573 12
0.00130000 0.00130000 0.00096279 13
0.00140000 0.00140000 0.00091523 12
0.00150000 0.00150000 0.00087280 17
0.00160000 0.00160000 0.00083540 16
0.00170000 0.00170000 0.00080303 18
0.00180000 0.00180000 0.00077568 14
0.00190000 0.00190000 0.00075336 11
0.00200000 0.00200000 0.00073543 13
0.00210000 0.00210000 0.00072017 15
0.00220000 0.00220000 0.00070662 12
0.00230000 0.00230000 0.00069479 13
0.00240000 0.00240000 0.00068467 12
0.00250000 0.00250000 0.00067626 14
0.00260000 0.00260000 0.00066956 14
0.00270000 0.00270000 0.00066414 13
0.00280000 0.00280000 0.00065959 17
0.00290000 0.00290000 0.00065580 25
0.00300000 0.00300000 0.00065276 34
0.00310000 0.00310000 0.00065032 32
0.00320000 0.00320000 0.00064837 21
0.00330000 0.00330000 0.00064697 29
0.00340000 0.00340000 0.00064611 17
0.00350000 0.00350000 0.00064580 10
0.00360000 0.00360000 0.00064596 31
0.00370000 0.00370000 0.00064642 28
0.00380000 0.00380000 0.00064718 14
0.00390000 0.00390000 0.00064823 16
0.00400000 0.00400000 0.00064958 21
0.00410000 0.00410000 0.00065122 17
0.00420000 0.00420000 0.00065316 14
0.00430000 0.00430000 0.00065539 13
0.00440000 0.00440000 0.00065793 12
0.00450000 0.00450000 0.00066075 14
0.00460000 0.00460000 0.00066388 15
0.00470000 0.00470000 0.00066729 11
0.00480000 0.00480000 0.00067102 12
0.00490000 0.00490000 0.00067509 13
0.00500000 0.00500000 0.00067951 18
0.00510000 0.00510000 0.00068429 12
0.00520000 0.00520000 0.00068942 9
0.00530000 0.00530000 0.00069491 13
0.00540000 0.00540000 0.00070075 12
0.00550000 0.00550000 0.00070703 11
0.00560000 0.00560000 0.00071378 10
0.00570000 0.00570000 0.00072100 16
0.00580000 0.00580000 0.00072870 12
0.00590000 0.00590000 0.00073689 11
0.00600000 0.00600000 0.00074558 12
0.00610000 0.00610000 0.00075478 11
0.00620000 0.00620000 0.00076460 11
0.00630000 0.00630000 0.00077508 10
0.00640000 0.00640000 0.00078621 13
0.00650000 0.00650000 0.00079808 11
0.00660000 0.00660000 0.00081075 10
0.00670000 0.00670000 0.00082422 10
0.00680000 0.00680000 0.00083849 13
0.00690000 0.00690000 0.00085357 14
0.00700000 0.00700000 0.00086944 11
0.00710000 0.00710000 0.00088612 11
0.00720000 0.00720000 0.00090360 10
0.00730000 0.00730000 0.00092189 11
0.00740000 0.00740000 0.00094097 14
0.00750000 0.00750000 0.00096086 14
0.00760000 0.00760000 0.00098155 15
0.00770000 0.00770000 0.00100304 14
0.00780000 0.00780000 0.00102542 14
0.00790000 0.00790000 0.00104874 15
0.00800000 0.00800000 0.00107302 14
0.00810000 0.00810000 0.00109824 13
0.00820000 0.00820000 0.00112441 12
0.00830000 0.00830000 0.00115153 10
0.00840000 0.00840000 0.00117960 12
0.00850000 0.00850000 0.00120923 13
0.00860000 0.00860000 0.00124089 12
0.00870000 0.00870000 0.00127460 16
0.00880000 0.00880000 0.00131035 13
0.00890000 0.00890000 0.00134813 11
0.00900000 0.00900000 0.00138796 12
0.00910000 0.00910000 0.00142982 12
0.00920000 0.00920000 0.00147373 11
0.00930000 0.00930000 0.00151968 12
0.00940000 0.00940000 0.00156766 11
0.00950000 0.00950000 0.00161769 12
0.00960000 0.00960000 0.00166976 12
0.00970000 0.00970000 0.00172387 17
0.00980000 0.00980000 0.00178002 24
0.00990000 0.00990000 0.00183820 19
0.01000000 0.01000000 0.00189843 16
0.01010000 0.01010000 0.00196070 12
0.01020000 0.01020000 0.00202501 15
0.01030000 0.01030000 0.00209136 14
0.01040000 0.01040000 0.00215975 11
0.01050000 0.01050000 0.00223018 13
0.01060000 0.01060000 0.00230265 12
0.01070000 0.01070000 0.00237716 13
0.01080000 0.01080000 0.00245371 16
0.01090000 0.01090000 0.00253230 12
0.01100000 0.01100000 0.00261293 13
0.01110000 0.01110000 0.00269561 14
0.01120000 0.01120000 0.00278036 14
0.01130000 0.01130000 0.00286737 15
0.01140000 0.01140000 0.00295668 10
0.01150000 0.01150000 0.00304829 12
0.01160000 0.01160000 0.00314219 12
0.01170000 0.01170000 0.00323838 10
0.01180000 0.01180000 0.00333687 11
0.01190000 0.01190000 0.00343765 11
0.01200000 0.01200000 0.00354089 12
0.01210000 0.01210000 0.00364875 14
0.01220000 0.01220000 0.00376191 13
0.01230000 0.01230000 0.00388038 11
0.01240000 0.01240000 0.00400415 10
0.01250000 0.01250000 0.00413322 14
0.01260000 0.01260000 0.00426760 11
0.01270000 0.01270000 0.00440729 11
0.01280000 0.01280000 0.00455227 14
0.01290000 0.01290000 0.00470256 12
0.01300000 0.01300000 0.00485816 10
0.01310000 0.01310000 0.00501906 11
0.01320000 0.01320000 0.00518526 10
0.01330000 0.01330000 0.00535677 14
0.01340000 0.01340000 0.00553359 11
