0.00010000 0.00010000 0.00019899 48
0.00020000 0.00020000 0.00019328 45
0.00030000 0.00030000 0.00018792 47
0.00040000 0.00040000 0.00018289 49
0.00050000 0.00050000 0.00017822 44
0.00060000 0.00060000 0.00017389 48
0.00070000 0.00070000 0.00016990 46
0.00080000 0.00080000 0.00016625 45
0.00090000 0.00090000 0.00016289 46
0.00100000 0.00100000 0.00015978 44
0.00110000 0.00110000 0.00015690 46
0.00120000 0.00120000 0.00015424 46
0.00130000 0.00130000 0.00015181 48
0.00140000 0.00140000 0.00014961 46
0.00150000 0.00150000 0.00014763 46
0.00160000 0.00160000 0.00014592 48
0.00170000 0.00170000 0.00014444 46
0.00180000 0.00180000 0.00014314 45
0.00190000 0.00190000 0.00014202 43
0.00200000 0.00200000 0.00014107 45
0.00210000 0.00210000 0.00014030 47
0.00220000 0.00220000 0.00013971 45
0.00230000 0.00230000 0.00013927 50
0.00240000 0.00240000 0.00013898 44
0.00250000 0.00250000 0.00013883 46
0.00260000 0.00260000 0.00013883 44
0.00270000 0.00270000 0.00013897 48
0.00280000 0.00280000 0.00013926 44
0.00290000 0.00290000 0.00013972 46
0.00300000 0.00300000 0.00014031 45
0.00310000 0.00310000 0.00014103 48
0.00320000 0.00320000 0.00014189 46
0.00330000 0.00330000 0.00014289 46
0.00340000 0.00340000 0.00014405 47
0.00350000 0.00350000 0.00014536 47
0.00360000 0.00360000 0.00014682 45
0.00370000 0.00370000 0.00014843 47
0.00380000 0.00380000 0.00015020 44
0.00390000 0.00390000 0.00015213 44
0.00400000 0.00400000 0.00015423 45
0.00410000 0.00410000 0.00015649 45
0.00420000 0.00420000 0.00015892 44
0.00430000 0.00430000 0.00016151 45
0.00440000 0.00440000 0.00016427 45
0.00450000 0.00450000 0.00016721 44
0.00460000 0.00460000 0.00017031 45
0.00470000 0.00470000 0.00017358 46
0.00480000 0.00480000 0.00017702 46
0.00490000 0.00490000 0.00018063 46
0.00500000 0.00500000 0.00018441 46
0.00510000 0.00510000 0.00018836 44
0.00520000 0.00520000 0.00019249 45
0.00530000 0.00530000 0.00019680 46
0.00540000 0.00540000 0.00020133 45
0.00550000 0.00550000 0.00020607 46
0.00560000 0.00560000 0.00021103 47
0.00570000 0.00570000 0.00021620 45
0.00580000 0.00580000 0.00022158 46
0.00590000 0.00590000 0.00022719 44
0.00600000 0.00600000 0.00023301 45
0.00610000 0.00610000 0.00023905 46
0.00620000 0.00620000 0.00024530 46
0.00630000 0.00630000 0.00025178 47
0.00640000 0.00640000 0.00025851 44
0.00650000 0.00650000 0.00026552 45
0.00660000 0.00660000 0.00027281 44
0.00670000 0.00670000 0.00028037 44
0.00680000 0.00680000 0.00028820 45
0.00690000 0.00690000 0.00029632 44
0.00700000 0.00700000 0.00030472 44
0.00710000 0.00710000 0.00031339 45
0.00720000 0.00720000 0.00032234 45
0.00730000 0.00730000 0.00033160 44
0.00740000 0.00740000 0.00034115 45
0.00750000 0.00750000 0.00035102 45
0.00760000 0.00760000 0.00036121 45
0.00770000 0.00770000 0.00037177 47
0.00780000 0.00780000 0.00038270 46
0.00790000 0.00790000 0.00039402 48
0.00800000 0.00800000 0.00040571 48
0.00810000 0.00810000 0.00041778 47
0.00820000 0.00820000 0.00043023 44
0.00830000 0.00830000 0.00044308 44
0.00840000 0.00840000 0.00045636 43
0.00850000 0.00850000 0.00047011 45
0.00860000 0.00860000 0.00048433 46
0.00870000 0.00870000 0.00049905 45
0.00880000 0.00880000 0.00051432 46
0.00890000 0.00890000 0.00053021 45
0.00900000 0.00900000 0.00054692 46
0.00910000 0.00910000 0.00056446 45
0.00920000 0.00920000 0.00058353 46
0.00930000 0.00930000 0.00060466 45
0.00940000 0.00940000 0.00062786 46
0.00950000 0.00950000 0.00065312 44
0.00960000 0.00960000 0.00068053 45
0.00970000 0.00970000 0.00071081 45
0.00980000 0.00980000 0.00074412 48
0.00990000 0.00990000 0.00078047 46
0.01000000 0.01000000 0.00082215 49
0.01010000 0.01010000 0.00087372 47
0.01020000 0.01020000 0.00093527 48
0.01030000 0.01030000 0.00100682 43
0.01040000 0.01040000 0.00108836 48
0.01050000 0.01050000 0.00117993 45
0.01060000 0.01060000 0.00129260 46
0.01070000 0.01070000 0.00143582 45
0.01080000 0.01080000 0.00160957 45
0.01090000 0.01090000 0.00181386 44
0.01100000 0.01100000 0.00204868 44
0.01110000 0.01110000 0.00231404 44
0.01120000 0.01120000 0.00260994 44
