0 -0.0107034 1
0.01 -0.0105672 16
0.02 -0.010431 16
0.03 -0.0102948 14
0.04 -0.0101586 14
0.05 -0.0100224 16
0.06 -0.00988624 15
0.07 -0.00975003 14
0.08 -0.00961383 17
0.09 -0.00947764 16
0.1 -0.00934246 15
0.11 -0.00920885 15
0.12 -0.00907643 15
0.13 -0.00894491 15
0.14 -0.00881411 15
0.15 -0.00868387 15
0.16 -0.0085541 14
0.17 -0.00842472 15
0.18 -0.00829565 16
0.19 -0.00816685 17
0.2 -0.00803827 15
0.21 -0.0079099 15
0.22 -0.00778169 14
0.23 -0.00765362 13
0.24 -0.00752569 15
0.25 -0.00739787 13
0.26 -0.00727015 15
0.27 -0.0071426 14
0.28 -0.00701565 16
0.29 -0.0068893 15
0.3 -0.00676351 15
0.31 -0.00663821 15
0.32 -0.00651336 17
0.33 -0.00638892 21
0.34 -0.00626485 21
0.35 -0.00614111 15
0.36 -0.00601769 16
0.37 -0.00589456 15
0.38 -0.00577169 16
0.39 -0.00564906 17
0.4 -0.00552666 15
0.41 -0.00540447 17
0.42 -0.00528247 15
0.43 -0.00516065 15
0.44 -0.005039 15
0.45 -0.0049175 16
0.46 -0.00479616 14
0.47 -0.00467495 14
0.48 -0.00455388 17
0.49 -0.0044336 16
0.5 -0.00431442 15
0.51 -0.00419626 16
0.52 -0.00407906 15
0.53 -0.00396278 14
0.54 -0.00384736 15
0.55 -0.00373275 15
0.56 -0.00361891 14
0.57 -0.0035058 15
0.58 -0.00339339 15
0.59 -0.00328163 15
0.6 -0.00317049 15
0.61 -0.00305995 14
0.62 -0.00294998 14
0.63 -0.00284054 16
0.64 -0.00273161 15
0.65 -0.00262317 15
0.66 -0.0025152 15
0.67 -0.00240768 15
0.68 -0.00230069 15
0.69 -0.00219479 15
0.7 -0.00209011 15
0.71 -0.00198693 16
0.72 -0.00188549 15
0.73 -0.00178571 15
0.74 -0.00168754 14
0.75 -0.0015909 15
0.76 -0.00149574 15
0.77 -0.001402 14
0.78 -0.00130962 15
0.79 -0.00121855 16
0.8 -0.00112899 15
0.81 -0.00104124 16
0.82 -0.000955393 16
0.83 -0.00087142 17
0.84 -0.000789462 16
0.85 -0.000709806 16
0.86 -0.000632556 16
0.87 -0.00055769 16
0.88 -0.000485366 15
0.89 -0.000415718 16
0.9 -0.00034883 15
0.91 -0.000284857 16
0.92 -0.000223814 14
0.93 -0.000165907 18
0.94 -0.000111979 23
0.95 -6.22754e-05 18
0.96 -1.66423e-05 16
0.97 2.51111e-05 15
0.98 6.23619e-05 14
0.99 9.44147e-05 16
