0.00000000 -0.01071751 52
0.01000000 -0.01058115 61
0.02000000 -0.01044479 57
0.03000000 -0.01030843 59
0.04000000 -0.01017207 60
0.05000000 -0.01003570 68
0.06000000 -0.00989934 58
0.07000000 -0.00976298 59
0.08000000 -0.00962662 59
0.09000000 -0.00949029 60
0.10000000 -0.00935518 60
0.11000000 -0.00922160 60
0.12000000 -0.00908916 62
0.13000000 -0.00895761 58
0.14000000 -0.00882675 58
0.15000000 -0.00869643 61
0.16000000 -0.00856657 62
0.17000000 -0.00843708 58
0.18000000 -0.00830790 59
0.19000000 -0.00817898 61
0.20000000 -0.00805027 56
0.21000000 -0.00792176 59
0.22000000 -0.00779342 59
0.23000000 -0.00766521 57
0.24000000 -0.00753713 61
0.25000000 -0.00740916 58
0.26000000 -0.00728128 59
0.27000000 -0.00715352 65
0.28000000 -0.00702630 59
0.29000000 -0.00689970 58
0.30000000 -0.00677365 57
0.31000000 -0.00664810 58
0.32000000 -0.00652301 60
0.33000000 -0.00639834 58
0.34000000 -0.00627404 60
0.35000000 -0.00615009 59
0.36000000 -0.00602645 60
0.37000000 -0.00590311 56
0.38000000 -0.00578003 56
0.39000000 -0.00565720 57
0.40000000 -0.00553460 57
0.41000000 -0.00541221 60
0.42000000 -0.00529002 58
0.43000000 -0.00516801 58
0.44000000 -0.00504617 58
0.45000000 -0.00492449 58
0.46000000 -0.00480296 58
0.47000000 -0.00468157 58
0.48000000 -0.00456031 58
0.49000000 -0.00443976 59
0.50000000 -0.00432031 57
0.51000000 -0.00420189 57
0.52000000 -0.00408445 59
0.53000000 -0.00396793 58
0.54000000 -0.00385228 58
0.55000000 -0.00373746 57
0.56000000 -0.00362341 59
0.57000000 -0.00351010 57
0.58000000 -0.00339749 63
0.59000000 -0.00328554 58
0.60000000 -0.00317423 59
0.61000000 -0.00306351 59
0.62000000 -0.00295336 57
0.63000000 -0.00284377 61
0.64000000 -0.00273468 57
0.65000000 -0.00262609 58
0.66000000 -0.00251797 56
0.67000000 -0.00241030 60
0.68000000 -0.00230322 58
0.69000000 -0.00219726 60
0.70000000 -0.00209252 59
0.71000000 -0.00198927 58
0.72000000 -0.00188776 60
0.73000000 -0.00178790 59
0.74000000 -0.00168965 59
0.75000000 -0.00159292 59
0.76000000 -0.00149767 59
0.77000000 -0.00140382 60
0.78000000 -0.00131134 58
0.79000000 -0.00122017 62
0.80000000 -0.00113051 62
0.81000000 -0.00104267 63
0.82000000 -0.00095671 59
0.83000000 -0.00087262 60
0.84000000 -0.00079060 59
0.85000000 -0.00071087 57
0.86000000 -0.00063355 61
0.87000000 -0.00055859 56
0.88000000 -0.00048615 62
0.89000000 -0.00041636 60
0.90000000 -0.00034931 62
0.91000000 -0.00028516 58
0.92000000 -0.00022393 60
0.93000000 -0.00016583 61
0.94000000 -0.00011171 60
0.95000000 -0.00006183 61
0.96000000 -0.00001601 57
0.97000000 0.00002591 57
0.98000000 0.00006330 62
0.99000000 0.00009544 57
