0.0004 0.00250320 0.00040000 93
0.00050000 0.00335651 0.00050000 73
0.00060000 0.00391539 0.00059999 86
0.00070000 0.00419108 0.00070000 114
0.00080000 0.00433982 0.00079996 86
0.00090000 0.00444963 0.00090000 90
0.00100000 0.00453670 0.00099997 91
0.00110000 0.00460966 0.00110000 83
0.00120000 0.00465740 0.00119996 73
0.00130000 0.00469698 0.00130000 80
0.00140000 0.00473014 0.00140000 66
0.00150000 0.00475945 0.00150000 80
0.00160000 0.00478411 0.00159962 82
0.00170000 0.00481060 0.00169997 66
0.00180000 0.00481364 0.00171258 61
0.00190000 0.00481364 0.00171258 72
