0.00030000 0.00554014 0.00030000 51
0.00040000 0.00643811 0.00039998 52
0.00050000 0.00702965 0.00049999 52
0.00060000 0.00747126 0.00059996 52
0.00070000 0.00780338 0.00070000 50
0.00080000 0.00805231 0.00079998 51
0.00090000 0.00825594 0.00090000 50
0.00100000 0.00843063 0.00099993 51
0.00110000 0.00857215 0.00109999 51
0.00120000 0.00868884 0.00119998 50
0.00130000 0.00879058 0.00129999 51
0.00140000 0.00888090 0.00139990 51
0.00150000 0.00895400 0.00149984 53
0.00160000 0.00901410 0.00159998 50
0.00170000 0.00902584 0.00162161 49
0.00180000 0.00902600 0.00162174 49
0.00190000 0.00902597 0.00162170 50
