0.00040000 0.00250471 0.00040000 307
0.00050000 0.00335963 0.00050000 318
0.00060000 0.00392017 0.00060000 310
0.00070000 0.00419546 0.00069999 309
0.00080000 0.00434679 0.00080000 303
0.00090000 0.00445553 0.00089999 313
0.00100000 0.00454553 0.00100000 313
0.00110000 0.00461602 0.00109999 301
0.00120000 0.00466379 0.00119999 311
0.00130000 0.00470170 0.00130000 309
0.00140000 0.00473411 0.00139998 301
0.00150000 0.00476287 0.00149992 303
0.00160000 0.00478828 0.00159965 306
0.00170000 0.00481069 0.00169908 305
0.00180000 0.00481343 0.00171191 312
0.00190000 0.00481365 0.00171258 304
