0 -0.00901743 1
0.01 -0.0089111 19
0.02 -0.00880478 15
0.03 -0.00869845 12
0.04 -0.00859212 14
0.05 -0.0084858 13
0.06 -0.00837947 12
0.07 -0.00827314 14
0.08 -0.00816682 16
0.09 -0.00806049 14
0.1 -0.00795417 13
0.11 -0.00784784 14
0.12 -0.00774151 14
0.13 -0.00763519 15
0.14 -0.00752886 14
0.15 -0.00742254 12
0.16 -0.00731621 14
0.17 -0.00720988 12
0.18 -0.00710356 14
0.19 -0.00699723 15
0.2 -0.00689091 13
0.21 -0.00678458 14
0.22 -0.00667825 13
0.23 -0.00657193 13
0.24 -0.0064656 15
0.25 -0.00635928 15
0.26 -0.00625295 14
0.27 -0.00614662 13
0.28 -0.0060403 13
0.29 -0.00593397 14
0.3 -0.00582764 13
0.31 -0.00572132 14
0.32 -0.00561499 13
0.33 -0.00550867 12
0.34 -0.00540234 13
0.35 -0.00529601 15
0.36 -0.00518984 13
0.37 -0.00508413 15
0.38 -0.00497887 15
0.39 -0.00487401 14
0.4 -0.00476954 15
0.41 -0.00466542 16
0.42 -0.00456162 13
0.43 -0.00445813 14
0.44 -0.00435493 14
0.45 -0.00425199 13
0.46 -0.00414929 14
0.47 -0.00404689 14
0.48 -0.00394502 13
0.49 -0.00384389 14
0.5 -0.00374349 14
0.51 -0.00364378 15
0.52 -0.00354473 14
0.53 -0.00344628 14
0.54 -0.00334842 15
0.55 -0.00325111 15
0.56 -0.00315432 16
0.57 -0.00305802 14
0.58 -0.00296218 15
0.59 -0.00286679 13
0.6 -0.00277182 15
0.61 -0.00267725 14
0.62 -0.00258306 15
0.63 -0.00248927 14
0.64 -0.00239632 15
0.65 -0.00230427 14
0.66 -0.0022131 18
0.67 -0.00212276 23
0.68 -0.00203321 14
0.69 -0.00194443 16
0.7 -0.00185641 13
0.71 -0.00176914 14
0.72 -0.00168257 15
0.73 -0.00159669 14
0.74 -0.00151146 14
0.75 -0.00142689 15
0.76 -0.00134303 13
0.77 -0.00125986 14
0.78 -0.00117744 13
0.79 -0.001096 14
0.8 -0.00101552 13
0.81 -0.000936002 14
0.82 -0.0008578 13
0.83 -0.000781078 13
0.84 -0.000705782 13
0.85 -0.00063193 15
0.86 -0.000559942 14
0.87 -0.000489899 14
0.88 -0.00042174 15
0.89 -0.00035545 14
0.9 -0.000291025 13
0.91 -0.000228544 13
0.92 -0.00016806 14
0.93 -0.000109801 12
0.94 -5.38935e-05 12
0.95 -1.21635e-06 15
0.96 4.74628e-05 15
0.97 9.21463e-05 15
0.98 0.000133187 14
0.99 0.000170172 16
