0.00020000 0.00499532 0.00020000 59
0.00030000 0.00619209 0.00029998 60
0.00040000 0.00697373 0.00039999 60
0.00050000 0.00756618 0.00049999 61
0.00060000 0.00804500 0.00060000 62
0.00070000 0.00844214 0.00069999 62
0.00080000 0.00877139 0.00079996 62
0.00090000 0.00905488 0.00090000 60
0.00100000 0.00930736 0.00100000 64
0.00110000 0.00953494 0.00110000 59
0.00120000 0.00972874 0.00119991 58
0.00130000 0.00988371 0.00129998 60
0.00140000 0.01001647 0.00140000 60
0.00150000 0.01013364 0.00149999 59
0.00160000 0.01024033 0.00159999 62
0.00170000 0.01033860 0.00170000 60
0.00180000 0.01042405 0.00180000 60
0.00190000 0.01048473 0.00189999 62
