0.0001 0.00010000 0.00019851 15
0.00020000 0.00020000 0.00019283 15
0.00030000 0.00030000 0.00018750 13
0.00040000 0.00040000 0.00018251 14
0.00050000 0.00050000 0.00017786 14
0.00060000 0.00060000 0.00017356 13
0.00070000 0.00070000 0.00016960 14
0.00080000 0.00080000 0.00016598 15
0.00090000 0.00090000 0.00016264 14
0.00100000 0.00100000 0.00015954 13
0.00110000 0.00110000 0.00015667 15
0.00120000 0.00120000 0.00015403 15
0.00130000 0.00130000 0.00015160 14
0.00140000 0.00140000 0.00014941 14
0.00150000 0.00150000 0.00014745 14
0.00160000 0.00160000 0.00014574 14
0.00170000 0.00170000 0.00014427 15
0.00180000 0.00180000 0.00014297 13
0.00190000 0.00190000 0.00014185 21
0.00200000 0.00200000 0.00014090 20
0.00210000 0.00210000 0.00014013 17
0.00220000 0.00220000 0.00013954 14
0.00230000 0.00230000 0.00013912 12
0.00240000 0.00240000 0.00013883 12
0.00250000 0.00250000 0.00013868 15
0.00260000 0.00260000 0.00013868 14
0.00270000 0.00270000 0.00013882 12
0.00280000 0.00280000 0.00013912 12
0.00290000 0.00290000 0.00013957 15
0.00300000 0.00300000 0.00014016 12
0.00310000 0.00310000 0.00014087 13
0.00320000 0.00320000 0.00014172 15
0.00330000 0.00330000 0.00014273 14
0.00340000 0.00340000 0.00014389 14
0.00350000 0.00350000 0.00014519 14
0.00360000 0.00360000 0.00014665 13
0.00370000 0.00370000 0.00014825 14
0.00380000 0.00380000 0.00015002 14
0.00390000 0.00390000 0.00015195 15
0.00400000 0.00400000 0.00015405 13
0.00410000 0.00410000 0.00015631 12
0.00420000 0.00420000 0.00015874 13
0.00430000 0.00430000 0.00016133 15
0.00440000 0.00440000 0.00016410 14
0.00450000 0.00450000 0.00016703 13
0.00460000 0.00460000 0.00017013 14
0.00470000 0.00470000 0.00017340 15
0.00480000 0.00480000 0.00017684 12
0.00490000 0.00490000 0.00018045 13
0.00500000 0.00500000 0.00018422 14
0.00510000 0.00510000 0.00018817 12
0.00520000 0.00520000 0.00019230 13
0.00530000 0.00530000 0.00019662 14
0.00540000 0.00540000 0.00020114 14
0.00550000 0.00550000 0.00020588 14
0.00560000 0.00560000 0.00021084 15
0.00570000 0.00570000 0.00021601 13
0.00580000 0.00580000 0.00022140 12
0.00590000 0.00590000 0.00022700 15
0.00600000 0.00600000 0.00023282 13
0.00610000 0.00610000 0.00023886 16
0.00620000 0.00620000 0.00024511 13
0.00630000 0.00630000 0.00025159 12
0.00640000 0.00640000 0.00025832 15
0.00650000 0.00650000 0.00026533 17
0.00660000 0.00660000 0.00027262 13
0.00670000 0.00670000 0.00028018 13
0.00680000 0.00680000 0.00028802 16
0.00690000 0.00690000 0.00029613 15
0.00700000 0.00700000 0.00030452 15
0.00710000 0.00710000 0.00031320 14
0.00720000 0.00720000 0.00032215 15
0.00730000 0.00730000 0.00033140 15
0.00740000 0.00740000 0.00034095 15
0.00750000 0.00750000 0.00035081 16
0.00760000 0.00760000 0.00036099 15
0.00770000 0.00770000 0.00037154 16
0.00780000 0.00780000 0.00038247 13
0.00790000 0.00790000 0.00039377 14
0.00800000 0.00800000 0.00040546 14
0.00810000 0.00810000 0.00041752 16
0.00820000 0.00820000 0.00042997 15
0.00830000 0.00830000 0.00044280 15
0.00840000 0.00840000 0.00045608 14
0.00850000 0.00850000 0.00046983 14
0.00860000 0.00860000 0.00048403 15
0.00870000 0.00870000 0.00049875 17
0.00880000 0.00880000 0.00051401 19
0.00890000 0.00890000 0.00052990 18
0.00900000 0.00900000 0.00054661 18
0.00910000 0.00910000 0.00056414 14
0.00920000 0.00920000 0.00058324 15
0.00930000 0.00930000 0.00060439 16
0.00940000 0.00940000 0.00062760 14
0.00950000 0.00950000 0.00065287 14
0.00960000 0.00960000 0.00068028 15
0.00970000 0.00970000 0.00071056 15
0.00980000 0.00980000 0.00074385 13
0.00990000 0.00990000 0.00078014 17
0.01000000 0.01000000 0.00082188 13
0.01010000 0.01010000 0.00087353 16
0.01020000 0.01020000 0.00093520 14
0.01030000 0.01030000 0.00100687 15
0.01040000 0.01040000 0.00108856 14
0.01050000 0.01050000 0.00118031 13
0.01060000 0.01060000 0.00129378 13
0.01070000 0.01070000 0.00143792 15
0.01080000 0.01080000 0.00161275 12
0.01090000 0.01090000 0.00181826 14
0.01100000 0.01100000 0.00205446 14
0.01110000 0.01110000 0.00232134 14
0.01120000 0.01120000 0.00261891 12
